1 1 "car" 579 181 765 335
1 2 "bus" 767 57 1061 367
2 1 "car" 586 182 772 336
2 2 "bus" 771 56 1065 366
3 1 "car" 594 184 780 338
3 2 "bus" 775 56 1069 366
4 1 "car" 601 186 787 340
4 2 "bus" 780 56 1074 366
5 1 "car" 609 188 795 342
5 2 "bus" 784 55 1078 365
6 1 "car" 617 188 803 342
6 2 "bus" 789 55 1083 365
7 1 "car" 626 189 812 343
7 2 "bus" 793 55 1087 365
8 1 "car" 634 189 820 343
8 2 "bus" 798 55 1092 365
9 1 "car" 643 190 829 344
9 2 "bus" 807 55 1100 365
10 1 "car" 661 193 837 342
10 2 "bus" 817 56 1109 366
11 1 "car" 679 197 846 340
11 2 "bus" 827 56 1118 366
12 1 "car" 698 200 854 338
12 2 "bus" 837 57 1127 367
13 1 "car" 716 204 863 336
13 2 "bus" 847 57 1136 367
14 1 "car" 735 208 872 335
14 2 "bus" 857 58 1145 368
15 1 "car" 745 208 882 335
15 2 "bus" 867 58 1154 368
16 1 "car" 756 208 893 335
16 2 "bus" 876 59 1163 369
17 1 "car" 766 208 903 335
17 2 "bus" 886 59 1172 369
17 3 "motorbike" 71 314 462 715
17 4 "person" 21 84 422 568
18 1 "car" 777 208 914 335
18 2 "bus" 896 60 1181 370
18 3 "motorbike" 100 311 491 712
18 4 "person" 53 83 445 561
19 1 "car" 789 206 926 333
19 2 "bus" 906 60 1189 370
19 3 "motorbike" 130 308 521 709
19 4 "person" 85 83 468 555
20 1 "car" 802 205 939 332
20 2 "bus" 916 61 1198 371
20 3 "motorbike" 159 305 550 706
20 4 "person" 117 83 491 549
21 1 "car" 814 203 951 330
21 2 "bus" 926 61 1207 371
21 3 "motorbike" 189 302 580 703
21 4 "person" 149 83 514 542
22 1 "car" 827 202 964 329
22 2 "bus" 936 62 1216 372
22 3 "motorbike" 218 299 609 700
22 4 "person" 181 83 537 536
23 1 "car" 841 203 978 330
23 2 "bus" 945 62 1225 372
23 3 "motorbike" 248 296 639 697
23 4 "person" 213 83 560 530
24 1 "car" 856 204 993 331
24 2 "bus" 955 63 1234 373
24 3 "motorbike" 278 294 669 695
24 4 "person" 246 83 583 524
25 1 "car" 870 205 1007 332
25 2 "bus" 965 63 1243 373
25 3 "motorbike" 298 293 689 694
25 4 "person" 269 83 606 524
26 1 "car" 885 207 1022 334
26 2 "bus" 975 64 1252 374
26 3 "motorbike" 319 293 710 694
26 4 "person" 293 83 630 524
27 1 "car" 894 207 1031 334
27 2 "bus" 985 64 1261 374
27 3 "motorbike" 339 293 730 694
27 4 "person" 316 83 653 524
28 1 "car" 903 207 1040 334
28 2 "bus" 995 65 1270 375
28 3 "motorbike" 360 293 751 694
28 4 "person" 340 83 677 524
29 1 "car" 912 207 1049 334
29 2 "bus" 1005 66 1279 376
29 3 "motorbike" 380 293 771 694
29 4 "person" 364 83 701 524
30 1 "car" 925 205 1062 332
30 2 "bus" 1013 66 1279 375
30 3 "motorbike" 401 293 792 694
30 4 "person" 387 83 724 524
31 1 "car" 938 203 1075 330
31 2 "bus" 1022 66 1279 375
31 3 "motorbike" 421 293 812 694
31 4 "person" 411 83 748 524
32 1 "car" 952 201 1089 328
32 2 "bus" 1031 66 1279 375
32 3 "motorbike" 442 293 833 694
32 4 "person" 434 83 771 524
33 1 "car" 965 199 1102 326
33 2 "bus" 1039 66 1279 375
33 3 "motorbike" 462 293 853 694
33 4 "person" 458 83 795 524
34 1 "car" 979 197 1116 324
34 2 "bus" 1048 66 1279 375
34 3 "motorbike" 483 292 874 693
34 4 "person" 482 83 819 524
35 1 "car" 993 197 1130 324
35 3 "motorbike" 503 292 894 693
35 4 "person" 505 83 842 524
36 1 "car" 1007 197 1144 324
36 3 "motorbike" 524 292 915 693
36 4 "person" 529 83 866 524
37 1 "car" 1021 198 1158 325
37 3 "motorbike" 544 292 935 693
37 4 "person" 552 83 889 524
38 1 "car" 1035 198 1172 325
38 3 "motorbike" 565 292 956 693
38 4 "person" 576 83 913 524
39 1 "car" 1049 199 1186 326
39 3 "motorbike" 585 292 976 693
39 4 "person" 600 83 937 524
40 1 "car" 1055 198 1192 325
40 3 "motorbike" 606 292 997 693
40 4 "person" 623 83 960 524
41 1 "car" 1061 198 1198 325
41 3 "motorbike" 626 292 1017 693
41 4 "person" 647 83 984 524
42 1 "car" 1068 198 1205 325
42 3 "motorbike" 647 292 1038 693
42 4 "person" 671 84 1008 525
43 1 "car" 1074 198 1211 325
43 3 "motorbike" 672 294 1063 695
43 4 "person" 696 81 1033 522
44 1 "car" 1081 198 1218 325
44 3 "motorbike" 697 296 1088 697
44 4 "person" 722 78 1059 519
45 1 "car" 1091 201 1228 328
45 3 "motorbike" 722 298 1113 699
45 4 "person" 748 76 1085 517
46 1 "car" 1102 205 1239 332
46 3 "motorbike" 758 299 1149 700
46 4 "person" 780 74 1117 515
47 1 "car" 1112 209 1249 336
47 3 "motorbike" 794 300 1185 701
47 4 "person" 813 72 1150 513
48 3 "motorbike" 830 301 1221 702
48 4 "person" 845 70 1182 511
49 3 "motorbike" 866 302 1257 703
49 4 "person" 878 69 1215 510
50 3 "motorbike" 909 303 1261 704
50 4 "person" 926 67 1227 508
51 3 "motorbike" 952 304 1265 705
51 4 "person" 974 66 1240 507
52 3 "motorbike" 996 306 1270 706
52 4 "person" 1022 65 1253 505
53 3 "motorbike" 1039 307 1274 707
53 4 "person" 1070 64 1266 504
58 8 "car" 1146 234 1197 268
59 8 "car" 1144 233 1195 267
60 8 "car" 1143 233 1194 267
61 8 "car" 1141 233 1192 267
62 7 "bus" 1237 211 1279 266
62 8 "car" 1140 232 1191 266
63 7 "bus" 1230 210 1272 265
63 8 "car" 1138 232 1189 266
64 7 "bus" 1224 209 1266 264
64 8 "car" 1137 232 1188 266
65 7 "bus" 1218 209 1260 264
65 8 "car" 1127 230 1178 264
66 7 "bus" 1202 209 1244 264
66 8 "car" 1118 229 1169 263
67 7 "bus" 1186 209 1228 264
67 8 "car" 1109 228 1160 262
68 7 "bus" 1170 209 1213 264
68 8 "car" 1091 229 1142 263
69 7 "bus" 1155 210 1197 264
69 8 "car" 1074 230 1125 264
70 7 "bus" 1139 210 1182 264
70 8 "car" 1057 232 1108 266
71 7 "bus" 1123 210 1166 264
71 8 "car" 1039 233 1090 267
72 7 "bus" 1108 211 1151 265
72 8 "car" 1022 235 1073 269
73 7 "bus" 1092 211 1135 265
73 8 "car" 1005 236 1056 270
74 1 "car" 1165 213 1259 298
74 5 "motorbike" 61 336 762 718
74 6 "person" 332 55 744 626
74 7 "bus" 1076 211 1120 265
74 8 "car" 988 238 1039 272
75 1 "car" 1159 213 1253 298
75 5 "motorbike" 136 333 768 704
75 6 "person" 369 75 763 609
75 7 "bus" 1060 211 1104 265
75 8 "car" 980 238 1031 272
76 1 "car" 1153 214 1247 299
76 5 "motorbike" 212 331 775 690
76 6 "person" 407 96 783 593
76 7 "bus" 1045 212 1089 266
76 8 "car" 972 239 1023 273
77 1 "car" 1148 214 1242 299
77 5 "motorbike" 288 328 782 676
77 6 "person" 444 117 803 577
77 7 "bus" 1037 212 1082 266
77 8 "car" 964 239 1015 273
78 1 "car" 1142 215 1236 300
78 5 "motorbike" 363 326 788 662
78 6 "person" 482 138 822 561
78 7 "bus" 1030 213 1075 267
78 8 "car" 956 240 1007 274
79 1 "car" 1137 215 1231 300
79 5 "motorbike" 439 323 795 648
79 6 "person" 519 159 842 545
79 7 "bus" 1023 214 1068 268
79 8 "car" 948 240 999 274
80 1 "car" 1131 216 1225 301
80 5 "motorbike" 515 321 802 635 "involved accident"
80 6 "person" 557 180 862 529 "involved accident"
80 7 "bus" 1016 215 1061 269
80 8 "car" 940 241 991 275
81 1 "car" 1126 216 1220 301
81 5 "motorbike" 542 320 817 618 "involved accident"
81 6 "person" 591 195 891 530 "involved accident"
81 7 "bus" 1009 216 1054 270
81 8 "car" 933 241 984 275
82 1 "car" 1120 217 1214 302
82 5 "motorbike" 569 319 832 602 "involved accident"
82 6 "person" 625 211 920 532 "involved accident"
82 7 "bus" 1002 218 1047 272
82 8 "car" 926 242 977 276
83 1 "car" 1114 217 1208 302
83 5 "motorbike" 597 318 847 585 "involved accident"
83 6 "person" 659 227 949 534 "involved accident"
83 7 "bus" 995 219 1040 273
83 8 "car" 919 243 970 277
84 1 "car" 1109 218 1203 303
84 5 "motorbike" 624 317 862 569 "involved accident"
84 6 "person" 693 243 978 536 "involved accident"
84 7 "bus" 988 221 1033 275
84 8 "car" 910 242 961 276
85 1 "car" 1103 218 1197 303
85 5 "motorbike" 652 316 877 553 "involved accident"
85 6 "person" 728 259 1007 538 "involved accident"
85 7 "bus" 981 222 1026 276
85 8 "car" 902 241 953 275
86 1 "car" 1098 219 1192 304
86 5 "motorbike" 652 316 876 540 "involved accident"
86 6 "person" 750 270 1028 524 "involved accident"
86 7 "bus" 974 224 1019 278
86 8 "car" 894 240 945 274
87 1 "car" 1092 219 1186 304
87 5 "motorbike" 652 316 876 528 "involved accident"
87 6 "person" 772 281 1049 510 "involved accident"
87 7 "bus" 964 222 1009 276
87 8 "car" 886 239 937 273
88 1 "car" 1087 220 1181 305
88 5 "motorbike" 652 316 876 515 "involved accident"
88 6 "person" 794 293 1071 496 "involved accident"
88 7 "bus" 955 220 1000 274
88 8 "car" 878 238 929 272
89 1 "car" 1081 218 1175 303
89 5 "motorbike" 652 316 876 503 "involved accident"
89 6 "person" 794 285 1071 488 "involved accident"
89 7 "bus" 946 218 991 272
89 8 "car" 870 235 921 269
90 1 "car" 1075 217 1169 302
90 5 "motorbike" 652 316 876 490 "involved accident"
90 6 "person" 794 278 1071 481 "involved accident"
90 7 "bus" 937 216 982 270
90 8 "car" 862 233 913 267
91 1 "car" 1069 215 1163 300
91 5 "motorbike" 652 316 876 478 "involved accident"
91 6 "person" 794 270 1071 473 "involved accident"
91 7 "bus" 928 214 973 268
91 8 "car" 854 230 905 264
92 1 "car" 1064 214 1158 299
92 5 "motorbike" 652 316 876 466 "involved accident"
92 6 "person" 794 263 1071 466 "involved accident"
92 7 "bus" 919 212 964 266
92 8 "car" 846 228 897 262
93 1 "car" 1058 212 1152 297
93 5 "motorbike" 659 315 883 465 "involved accident"
93 6 "person" 794 267 1056 455 "involved accident"
93 7 "bus" 910 210 955 264
93 8 "car" 838 226 889 260
94 1 "car" 1052 211 1146 296
94 5 "motorbike" 666 314 890 464 "involved accident"
94 6 "person" 794 271 1042 444 "involved accident"
94 7 "bus" 903 209 948 263
94 8 "car" 827 224 878 258
95 1 "car" 1046 210 1140 295
95 5 "motorbike" 674 314 898 464 "involved accident"
95 6 "person" 794 275 1028 433 "involved accident"
95 7 "bus" 897 208 942 262
95 8 "car" 816 222 867 256
96 1 "car" 1041 208 1135 293
96 5 "motorbike" 674 314 897 451 "involved accident"
96 6 "person" 794 275 1020 432 "involved accident"
96 7 "bus" 891 207 936 261
96 8 "car" 805 220 856 254
97 1 "car" 1035 207 1129 292
97 5 "motorbike" 674 314 897 439 "involved accident"
97 6 "person" 794 275 1012 432 "involved accident"
97 7 "bus" 884 206 929 260
97 8 "car" 799 221 850 255
98 1 "car" 1029 205 1123 290
98 5 "motorbike" 674 314 897 427 "involved accident"
98 6 "person" 794 275 1004 432 "involved accident"
98 7 "bus" 878 205 923 259
98 8 "car" 793 222 844 256
99 1 "car" 1023 204 1117 289
99 5 "motorbike" 674 314 897 415 "involved accident"
99 6 "person" 794 275 996 432 "involved accident"
99 7 "bus" 872 204 917 258
99 8 "car" 787 223 838 257
100 1 "car" 1018 203 1112 288
100 5 "motorbike" 674 314 897 403 "involved accident"
100 6 "person" 794 275 989 432 "involved accident"
100 7 "bus" 866 204 911 258
100 8 "car" 781 225 832 259
