1 5 "car" 474 259 885 678
1 6 "car" 916 345 1274 691
1 7 "car" 836 390 983 535
1 8 "bus" 838 225 1228 506
1 9 "bus" 1150 164 1271 574
1 10 "bus" 306 338 443 454
2 5 "car" 474 259 885 678
2 6 "car" 916 345 1274 691
2 7 "car" 836 390 983 535
2 8 "bus" 838 225 1228 506
2 9 "bus" 1150 164 1271 574
2 10 "bus" 304 338 441 454
3 5 "car" 474 259 885 678
3 6 "car" 916 345 1274 691
3 7 "car" 836 390 983 535
3 8 "bus" 838 225 1228 506
3 9 "bus" 1150 164 1271 574
3 10 "bus" 303 338 440 454
4 5 "car" 474 259 885 678
4 6 "car" 916 345 1274 691
4 7 "car" 836 390 983 535
4 8 "bus" 838 225 1228 506
4 9 "bus" 1150 164 1271 574
4 10 "bus" 301 339 438 455
5 5 "car" 474 259 885 678
5 6 "car" 916 345 1274 691
5 7 "car" 836 390 983 535
5 8 "bus" 838 225 1228 506
5 9 "bus" 1150 164 1271 574
5 10 "bus" 300 339 437 455
6 5 "car" 474 259 885 678
6 6 "car" 916 345 1274 691
6 7 "car" 836 390 983 535
6 8 "bus" 838 225 1228 506
6 9 "bus" 1150 164 1271 574
6 10 "bus" 298 339 435 455
7 5 "car" 474 259 885 678
7 6 "car" 916 345 1274 691
7 7 "car" 836 390 983 535
7 8 "bus" 838 225 1228 506
7 9 "bus" 1150 164 1271 574
7 10 "bus" 297 340 434 456
8 5 "car" 474 259 885 678
8 6 "car" 916 345 1274 691
8 7 "car" 836 390 983 535
8 8 "bus" 838 225 1228 506
8 9 "bus" 1150 164 1271 574
8 10 "bus" 296 341 433 457
9 5 "car" 474 259 885 678
9 6 "car" 916 345 1274 691
9 7 "car" 836 390 983 535
9 8 "bus" 838 225 1228 506
9 9 "bus" 1150 164 1271 574
9 10 "bus" 295 342 432 458
10 5 "car" 474 259 885 678
10 6 "car" 916 345 1274 691
10 7 "car" 836 390 983 535
10 8 "bus" 838 225 1228 506
10 9 "bus" 1150 164 1271 574
10 10 "bus" 294 343 431 459
11 5 "car" 474 259 885 678
11 6 "car" 916 345 1274 691
11 7 "car" 836 390 983 535
11 8 "bus" 838 225 1228 506
11 9 "bus" 1150 164 1271 574
11 10 "bus" 293 344 430 460
12 5 "car" 474 259 885 678
12 6 "car" 916 345 1274 691
12 7 "car" 836 390 983 535
12 8 "bus" 838 225 1228 506
12 9 "bus" 1150 164 1271 574
12 10 "bus" 292 346 429 462
13 5 "car" 474 259 885 678
13 6 "car" 916 345 1274 691
13 7 "car" 836 390 983 535
13 8 "bus" 838 225 1228 506
13 9 "bus" 1150 164 1271 574
13 10 "bus" 290 345 427 461
14 5 "car" 474 259 885 678
14 6 "car" 916 345 1274 691
14 7 "car" 836 390 983 535
14 8 "bus" 838 225 1228 506
14 9 "bus" 1150 164 1271 574
14 10 "bus" 288 344 425 460
15 5 "car" 474 259 885 678
15 6 "car" 916 345 1274 691
15 7 "car" 836 390 983 535
15 8 "bus" 838 225 1228 506
15 9 "bus" 1150 164 1271 574
15 10 "bus" 286 343 423 459
16 5 "car" 474 259 885 678
16 6 "car" 916 345 1274 691
16 7 "car" 836 390 983 535
16 8 "bus" 838 225 1228 506
16 9 "bus" 1150 164 1271 574
16 10 "bus" 284 342 421 458
17 5 "car" 474 259 885 678
17 6 "car" 916 345 1274 691
17 7 "car" 836 390 983 535
17 8 "bus" 838 225 1228 506
17 9 "bus" 1150 164 1271 574
17 10 "bus" 280 342 421 457
18 5 "car" 474 259 885 678
18 6 "car" 916 345 1274 691
18 7 "car" 836 390 983 535
18 8 "bus" 838 225 1228 506
18 9 "bus" 1150 164 1271 574
18 10 "bus" 276 342 421 457
19 5 "car" 474 259 885 678
19 6 "car" 916 345 1274 691
19 7 "car" 836 390 983 535
19 8 "bus" 838 225 1228 506
19 9 "bus" 1150 164 1271 574
19 10 "bus" 272 342 421 457
20 5 "car" 474 259 885 678
20 6 "car" 916 345 1274 691
20 7 "car" 836 390 983 535
20 8 "bus" 838 225 1228 506
20 9 "bus" 1150 164 1271 574
20 10 "bus" 268 342 421 457
21 5 "car" 474 259 885 678
21 6 "car" 916 345 1274 691
21 7 "car" 836 390 983 535
21 8 "bus" 838 225 1228 506
21 9 "bus" 1150 164 1271 574
21 10 "bus" 264 340 419 457
22 5 "car" 474 259 885 678
22 6 "car" 916 345 1274 691
22 7 "car" 836 390 983 535
22 8 "bus" 838 225 1228 506
22 9 "bus" 1150 164 1271 574
22 10 "bus" 260 339 418 457
23 5 "car" 474 259 885 678
23 6 "car" 916 345 1274 691
23 7 "car" 836 390 983 535
23 8 "bus" 838 225 1228 506
23 9 "bus" 1150 164 1271 574
23 10 "bus" 256 338 417 458
24 5 "car" 474 259 885 678
24 6 "car" 916 345 1274 691
24 7 "car" 836 390 983 535
24 8 "bus" 838 225 1228 506
24 9 "bus" 1150 164 1271 574
24 10 "bus" 252 337 416 458
25 5 "car" 474 259 885 678
25 6 "car" 916 345 1274 691
25 7 "car" 836 390 983 535
25 8 "bus" 838 225 1228 506
25 9 "bus" 1150 164 1271 574
25 10 "bus" 248 336 415 458
26 5 "car" 474 259 885 678
26 6 "car" 916 345 1274 691
26 7 "car" 836 390 983 535
26 8 "bus" 838 225 1228 506
26 9 "bus" 1150 164 1271 574
26 10 "bus" 244 335 414 459
27 5 "car" 474 259 885 678
27 6 "car" 916 345 1274 691
27 7 "car" 836 390 983 535
27 8 "bus" 838 225 1228 506
27 9 "bus" 1150 164 1271 574
27 10 "bus" 240 333 412 459
28 5 "car" 474 259 885 678
28 6 "car" 916 345 1274 691
28 7 "car" 836 390 983 535
28 8 "bus" 838 225 1228 506
28 9 "bus" 1150 164 1271 574
28 10 "bus" 236 332 411 460
29 5 "car" 474 259 885 678
29 6 "car" 916 345 1274 691
29 7 "car" 836 390 983 535
29 8 "bus" 838 225 1228 506
29 9 "bus" 1150 164 1271 574
29 10 "bus" 232 331 410 460
30 5 "car" 474 259 885 678
30 6 "car" 916 345 1274 691
30 7 "car" 836 390 983 535
30 8 "bus" 838 225 1228 506
30 9 "bus" 1150 164 1271 574
30 10 "bus" 228 330 409 460
31 5 "car" 474 259 885 678
31 6 "car" 916 345 1274 691
31 7 "car" 836 390 983 535
31 8 "bus" 838 225 1228 506
31 9 "bus" 1150 164 1271 574
31 10 "bus" 224 329 408 461
32 5 "car" 474 259 885 678
32 6 "car" 916 345 1274 691
32 7 "car" 836 390 983 535
32 8 "bus" 838 225 1228 506
32 9 "bus" 1150 164 1271 574
32 10 "bus" 220 328 407 461
33 5 "car" 474 259 885 678
33 6 "car" 916 345 1274 691
33 7 "car" 836 390 983 535
33 8 "bus" 838 225 1228 506
33 9 "bus" 1150 164 1271 574
33 10 "bus" 216 327 406 462
34 1 "motorbike" 605 469 1131 706
34 2 "person" 739 337 1018 714
34 5 "car" 474 259 885 678
34 6 "car" 916 345 1274 691
34 7 "car" 836 390 983 535
34 8 "bus" 838 225 1228 506
34 9 "bus" 1150 164 1271 574
34 10 "bus" 208 327 404 462
35 1 "motorbike" 578 458 1104 704
35 2 "person" 706 333 985 710
35 5 "car" 474 259 885 678
35 6 "car" 916 345 1274 691
35 7 "car" 836 390 983 535
35 8 "bus" 838 225 1228 506
35 9 "bus" 1150 164 1271 574
35 10 "bus" 200 327 403 462
36 1 "motorbike" 551 448 1077 703
36 2 "person" 673 330 952 707
36 5 "car" 474 259 885 678
36 6 "car" 916 345 1274 691
36 7 "car" 836 390 983 535
36 8 "bus" 838 225 1228 506
36 9 "bus" 1150 164 1271 574
36 10 "bus" 192 327 401 462
37 1 "motorbike" 524 437 1050 702
37 2 "person" 640 326 919 703
37 5 "car" 474 259 885 678
37 6 "car" 916 345 1274 691
37 7 "car" 836 390 983 535
37 8 "bus" 838 225 1228 506
37 9 "bus" 1150 164 1271 574
37 10 "bus" 185 327 400 462
38 1 "motorbike" 498 427 1023 701
38 2 "person" 607 323 886 700
38 5 "car" 474 259 885 678
38 6 "car" 916 345 1274 691
38 7 "car" 836 390 983 535
38 8 "bus" 838 225 1228 506
38 9 "bus" 1150 164 1271 574
38 10 "bus" 177 327 398 462
39 1 "motorbike" 478 435 991 705
39 2 "person" 581 325 860 702
39 5 "car" 474 259 885 678
39 6 "car" 916 345 1274 691
39 7 "car" 836 390 983 535
39 8 "bus" 838 225 1228 506
39 9 "bus" 1150 164 1271 574
39 10 "bus" 169 327 397 462
40 1 "motorbike" 458 443 959 709
40 2 "person" 555 327 834 704
40 5 "car" 474 259 885 678
40 6 "car" 916 345 1274 691
40 7 "car" 836 390 983 535
40 8 "bus" 838 225 1228 506
40 9 "bus" 1150 164 1271 574
40 10 "bus" 162 328 396 462
41 1 "motorbike" 438 451 927 713
41 2 "person" 529 329 808 706
41 5 "car" 474 259 885 678
41 6 "car" 916 345 1274 691
41 7 "car" 836 390 983 535
41 8 "bus" 838 225 1228 506
41 9 "bus" 1150 164 1271 574
41 10 "bus" 155 327 389 461
42 1 "motorbike" 419 459 895 718
42 2 "person" 503 332 782 709
42 5 "car" 474 259 885 678
42 6 "car" 916 345 1274 691
42 7 "car" 836 390 983 535
42 8 "bus" 838 225 1228 506
42 9 "bus" 1150 164 1271 574
42 10 "bus" 148 326 382 460
43 1 "motorbike" 397 460 865 718
43 2 "person" 484 331 750 708
43 5 "car" 474 259 885 678
43 6 "car" 916 345 1274 691
43 7 "car" 836 390 983 535
43 8 "bus" 838 225 1228 506
43 9 "bus" 1150 164 1271 574
43 10 "bus" 141 325 375 459
44 1 "motorbike" 375 461 835 718
44 2 "person" 465 331 718 707
44 5 "car" 474 259 885 678
44 6 "car" 916 345 1274 691
44 7 "car" 836 390 983 535
44 8 "bus" 838 225 1228 506
44 9 "bus" 1150 164 1271 574
44 10 "bus" 139 326 373 460
45 1 "motorbike" 353 463 806 718
45 2 "person" 446 330 686 707
45 5 "car" 474 259 885 678
45 6 "car" 916 345 1274 691
45 7 "car" 836 390 983 535
45 8 "bus" 838 225 1228 506
45 9 "bus" 1150 164 1271 574
45 10 "bus" 138 328 372 462
46 1 "motorbike" 331 464 776 718
46 2 "person" 427 330 654 706
46 5 "car" 474 259 885 678
46 6 "car" 916 345 1274 691
46 7 "car" 836 390 983 535
46 8 "bus" 838 225 1228 506
46 9 "bus" 1150 164 1271 574
46 10 "bus" 136 329 370 463
47 1 "motorbike" 309 466 747 718
47 2 "person" 409 330 623 706
47 5 "car" 474 259 885 678
47 6 "car" 916 345 1274 691
47 7 "car" 836 390 983 535
47 8 "bus" 838 225 1228 506
47 9 "bus" 1150 164 1271 574
47 10 "bus" 135 331 369 465
48 1 "motorbike" 284 462 722 714
48 2 "person" 388 330 602 706
48 5 "car" 474 259 885 678
48 6 "car" 916 345 1274 691
48 7 "car" 836 390 983 535
48 8 "bus" 838 225 1228 506
48 9 "bus" 1150 164 1271 574
48 10 "bus" 116 329 375 471
49 1 "motorbike" 259 459 697 711
49 2 "person" 368 331 582 707
49 5 "car" 474 259 885 678
49 6 "car" 916 345 1274 691
49 7 "car" 836 390 983 535
49 8 "bus" 838 225 1228 506
49 9 "bus" 1150 164 1271 574
49 10 "bus" 97 327 381 477
50 1 "motorbike" 234 456 672 708
50 2 "person" 347 331 561 707
50 5 "car" 474 259 885 678
50 6 "car" 916 345 1274 691
50 7 "car" 836 390 983 535
50 8 "bus" 838 225 1228 506
50 9 "bus" 1150 164 1271 574
50 10 "bus" 79 325 388 483
51 1 "motorbike" 209 453 647 705
51 2 "person" 327 332 541 708
51 5 "car" 474 259 885 678
51 6 "car" 916 345 1274 691
51 7 "car" 836 390 983 535
51 8 "bus" 838 225 1228 506
51 9 "bus" 1150 164 1271 574
51 10 "bus" 68 326 377 484
52 1 "motorbike" 209 453 626 704
52 2 "person" 317 330 531 706
52 5 "car" 474 259 885 678
52 6 "car" 916 345 1274 691
52 7 "car" 836 390 983 535
52 8 "bus" 838 225 1228 506
52 9 "bus" 1150 164 1271 574
52 10 "bus" 57 327 366 485
53 1 "motorbike" 209 453 605 704
53 2 "person" 308 329 522 705
53 5 "car" 474 259 885 678
53 6 "car" 916 345 1274 691
53 7 "car" 836 390 983 535
53 8 "bus" 838 225 1228 506
53 9 "bus" 1150 164 1271 574
53 10 "bus" 47 328 356 486
54 1 "motorbike" 209 453 584 704
54 2 "person" 299 328 513 704
54 5 "car" 474 259 885 678
54 6 "car" 916 345 1274 691
54 7 "car" 836 390 983 535
54 8 "bus" 838 225 1228 506
54 9 "bus" 1150 164 1271 574
54 10 "bus" 41 324 350 482
55 1 "motorbike" 209 453 563 704
55 2 "person" 290 327 504 703
55 5 "car" 474 259 885 678
55 6 "car" 916 345 1274 691
55 7 "car" 836 390 983 535
55 8 "bus" 838 225 1228 506
55 9 "bus" 1150 164 1271 574
55 10 "bus" 35 320 344 478
56 1 "motorbike" 209 453 542 704
56 2 "person" 279 329 488 694
56 5 "car" 474 259 885 678
56 6 "car" 916 345 1274 691
56 7 "car" 836 390 983 535
56 8 "bus" 838 225 1228 506
56 9 "bus" 1150 164 1271 574
56 10 "bus" 29 317 338 475
57 1 "motorbike" 209 453 522 704
57 2 "person" 269 332 473 686
57 5 "car" 474 259 885 678
57 6 "car" 916 345 1274 691
57 7 "car" 836 390 983 535
57 8 "bus" 838 225 1228 506
57 9 "bus" 1150 164 1271 574
57 10 "bus" 27 317 336 475
58 1 "motorbike" 197 449 510 700
58 2 "person" 259 334 458 678
58 5 "car" 474 259 885 678
58 6 "car" 916 345 1274 691
58 7 "car" 836 390 983 535
58 8 "bus" 838 225 1228 506
58 9 "bus" 1150 164 1271 574
58 10 "bus" 25 317 334 475
59 1 "motorbike" 186 445 499 696
59 2 "person" 249 337 443 670
59 5 "car" 474 259 885 678
59 6 "car" 916 345 1274 691
59 7 "car" 836 390 983 535
59 8 "bus" 838 225 1228 506
59 9 "bus" 1150 164 1271 574
59 10 "bus" 23 317 332 475
60 1 "motorbike" 175 442 488 693
60 2 "person" 239 339 428 662
60 5 "car" 474 259 885 678
60 6 "car" 916 345 1274 691
60 7 "car" 836 390 983 535
60 8 "bus" 838 225 1228 506
60 9 "bus" 1150 164 1271 574
60 10 "bus" 21 317 330 475
61 1 "motorbike" 174 442 467 693
61 2 "person" 228 342 413 654
61 5 "car" 474 259 885 678
61 6 "car" 916 345 1274 691
61 7 "car" 836 390 983 535
61 8 "bus" 838 225 1228 506
61 9 "bus" 1150 164 1271 574
61 10 "bus" 20 317 329 475
62 1 "motorbike" 174 442 447 693
62 2 "person" 218 344 398 646
62 5 "car" 474 259 885 678
62 6 "car" 916 345 1274 691
62 7 "car" 836 390 983 535
62 8 "bus" 838 225 1228 506
62 9 "bus" 1150 164 1271 574
62 10 "bus" 16 317 324 475
63 1 "motorbike" 174 442 426 693
63 2 "person" 208 347 383 638
63 5 "car" 474 259 885 678
63 6 "car" 916 345 1274 691
63 7 "car" 836 390 983 535
63 8 "bus" 838 225 1228 506
63 9 "bus" 1150 164 1271 574
63 10 "bus" 13 317 319 475
64 1 "motorbike" 174 442 406 693
64 2 "person" 198 349 368 630
64 5 "car" 474 259 885 678
64 6 "car" 916 345 1274 691
64 7 "car" 836 390 983 535
64 8 "bus" 838 225 1228 506
64 9 "bus" 1150 164 1271 574
64 10 "bus" 10 317 315 475
65 1 "motorbike" 174 443 386 693
65 2 "person" 188 352 353 622
65 5 "car" 474 259 885 678
65 6 "car" 916 345 1274 691
65 7 "car" 836 390 983 535
65 8 "bus" 838 225 1228 506
65 9 "bus" 1150 164 1271 574
65 10 "bus" 6 317 310 475
66 1 "motorbike" 174 443 379 688
66 2 "person" 188 352 348 621
66 5 "car" 474 259 885 678
66 6 "car" 916 345 1274 691
66 7 "car" 836 390 983 535
66 8 "bus" 838 225 1228 506
66 9 "bus" 1150 164 1271 574
66 10 "bus" 3 317 305 475
67 1 "motorbike" 174 443 372 684
67 2 "person" 188 352 343 621
67 5 "car" 474 259 885 678
67 6 "car" 916 345 1274 691
67 7 "car" 836 390 983 535
67 8 "bus" 838 225 1228 506
67 9 "bus" 1150 164 1271 574
67 10 "bus" 0 317 301 475
68 1 "motorbike" 174 443 366 679
68 2 "person" 188 352 338 621
68 5 "car" 474 259 885 678
68 6 "car" 916 345 1274 691
68 7 "car" 836 390 983 535
68 8 "bus" 838 225 1228 506
68 9 "bus" 1150 164 1271 574
68 10 "bus" 0 317 295 474
68 11 "motorbike" 884 366 978 533
69 1 "motorbike" 174 443 359 675
69 2 "person" 188 352 334 621
69 5 "car" 474 259 885 678
69 6 "car" 916 345 1274 691
69 7 "car" 836 390 983 535
69 8 "bus" 838 225 1228 506
69 9 "bus" 1150 164 1271 574
69 10 "bus" 0 317 290 474
69 11 "motorbike" 877 366 974 533
70 1 "motorbike" 174 443 353 670
70 2 "person" 188 352 329 621
70 5 "car" 474 259 885 678
70 6 "car" 916 345 1274 691
70 7 "car" 836 390 983 535
70 8 "bus" 838 225 1228 506
70 9 "bus" 1150 164 1271 574
70 10 "bus" 0 317 284 474
70 11 "motorbike" 870 367 971 534
71 1 "motorbike" 174 443 346 666
71 2 "person" 188 352 324 621
71 5 "car" 474 259 885 678
71 6 "car" 916 345 1274 691
71 7 "car" 836 390 983 535
71 8 "bus" 838 225 1228 506
71 9 "bus" 1150 164 1271 574
71 10 "bus" 0 317 279 474
71 11 "motorbike" 863 368 967 534
72 1 "motorbike" 174 443 339 661
72 2 "person" 188 352 320 621
72 5 "car" 474 259 885 678
72 6 "car" 916 345 1274 691
72 7 "car" 836 390 983 535
72 8 "bus" 838 225 1228 506
72 9 "bus" 1150 164 1271 574
72 11 "motorbike" 856 368 964 535
73 1 "motorbike" 174 443 333 657
73 2 "person" 188 352 315 621
73 5 "car" 474 259 885 678
73 6 "car" 916 345 1274 691
73 7 "car" 836 390 983 535
73 8 "bus" 838 225 1228 506
73 9 "bus" 1150 164 1271 574
73 11 "motorbike" 849 369 960 535
74 1 "motorbike" 174 443 326 652
74 2 "person" 188 352 310 621
74 5 "car" 474 259 885 678
74 6 "car" 916 345 1274 691
74 7 "car" 836 390 983 535
74 8 "bus" 838 225 1228 506
74 9 "bus" 1150 164 1271 574
74 11 "motorbike" 842 370 957 536
75 1 "motorbike" 174 443 320 648
75 2 "person" 188 352 306 621
75 5 "car" 474 259 885 678
75 6 "car" 916 345 1274 691
75 7 "car" 836 390 983 535
75 8 "bus" 838 225 1228 506
75 9 "bus" 1150 164 1271 574
76 1 "motorbike" 173 444 319 649
76 2 "person" 188 352 306 621
76 4 "person" 28 234 226 526
76 5 "car" 474 259 885 678
76 6 "car" 916 345 1274 691
76 7 "car" 836 390 983 535
76 8 "bus" 838 225 1228 506
76 9 "bus" 1150 164 1271 574
77 1 "motorbike" 172 445 318 650
77 2 "person" 188 352 306 621
77 3 "motorbike" 11 347 232 679
77 4 "person" 61 232 248 524
77 5 "car" 474 259 885 678
77 6 "car" 916 345 1274 691
77 7 "car" 836 390 983 535
77 8 "bus" 838 225 1228 506
77 9 "bus" 1150 164 1271 574
78 1 "motorbike" 172 446 318 651
78 2 "person" 188 352 306 621
78 3 "motorbike" 32 334 253 666
78 4 "person" 94 231 271 522
78 5 "car" 474 259 885 678
78 6 "car" 916 345 1274 691
78 7 "car" 836 390 983 535
78 8 "bus" 838 225 1228 506
78 9 "bus" 1150 164 1271 574
79 1 "motorbike" 171 447 317 652
79 2 "person" 188 352 306 621
79 3 "motorbike" 53 321 274 653 "involved accident"
79 4 "person" 127 229 293 520 "involved accident"
79 5 "car" 474 259 885 678
79 6 "car" 916 345 1274 691
79 7 "car" 836 390 983 535
79 8 "bus" 838 225 1228 506
79 9 "bus" 1150 164 1271 574
80 1 "motorbike" 171 448 317 653
80 2 "person" 188 352 306 621
80 3 "motorbike" 74 308 295 640 "involved accident"
80 4 "person" 161 228 316 519 "involved accident"
80 5 "car" 474 259 885 678
80 6 "car" 916 345 1274 691
80 7 "car" 836 390 983 535
80 8 "bus" 838 225 1228 506
80 9 "bus" 1150 164 1271 574
81 1 "motorbike" 170 449 316 654
81 2 "person" 188 352 306 621
81 3 "motorbike" 95 295 316 627 "involved accident"
81 4 "person" 181 243 333 534 "involved accident"
81 5 "car" 474 259 885 678
81 6 "car" 916 345 1274 691
81 7 "car" 836 390 983 535
81 8 "bus" 838 225 1228 506
81 9 "bus" 1150 164 1271 574
82 1 "motorbike" 170 451 316 656
82 2 "person" 188 352 306 621
82 3 "motorbike" 117 283 338 615 "involved accident"
82 4 "person" 202 259 350 550 "involved accident"
82 5 "car" 474 259 885 678
82 6 "car" 916 345 1274 691
82 7 "car" 836 390 983 535
82 8 "bus" 838 225 1228 506
82 9 "bus" 1150 164 1271 574
83 1 "motorbike" 182 436 328 641
83 2 "person" 211 336 329 605
83 3 "motorbike" 138 270 359 602 "involved accident"
83 4 "person" 223 275 367 566 "involved accident"
83 5 "car" 474 259 885 678
83 6 "car" 916 345 1274 691
83 7 "car" 836 390 983 535
83 8 "bus" 838 225 1228 506
83 9 "bus" 1150 164 1271 574
84 1 "motorbike" 195 421 341 626
84 2 "person" 234 320 352 589
84 3 "motorbike" 159 257 380 589 "involved accident"
84 4 "person" 243 291 384 582 "involved accident"
84 5 "car" 474 259 885 678
84 6 "car" 916 345 1274 691
84 7 "car" 836 390 983 535
84 8 "bus" 838 225 1228 506
84 9 "bus" 1150 164 1271 574
85 1 "motorbike" 207 406 353 611
85 2 "person" 257 304 375 573
85 3 "motorbike" 180 244 401 576 "involved accident"
85 4 "person" 264 307 401 598 "involved accident"
85 5 "car" 474 259 885 678
85 6 "car" 916 345 1274 691
85 7 "car" 836 390 983 535
85 8 "bus" 838 225 1228 506
85 9 "bus" 1150 164 1271 574
86 1 "motorbike" 220 392 366 597
86 2 "person" 280 289 398 558
86 3 "motorbike" 202 232 423 564 "involved accident"
86 4 "person" 285 323 419 614 "involved accident"
86 5 "car" 474 259 885 678
86 6 "car" 916 345 1274 691
86 7 "car" 836 390 983 535
86 8 "bus" 838 225 1228 506
86 9 "bus" 1150 164 1271 574
87 1 "motorbike" 221 404 359 591
87 2 "person" 269 303 386 553
87 3 "motorbike" 228 246 423 564 "involved accident"
87 4 "person" 285 323 419 614 "involved accident"
87 5 "car" 474 259 885 678
87 6 "car" 916 345 1274 691
87 7 "car" 836 390 983 535
87 8 "bus" 838 225 1228 506
87 9 "bus" 1150 164 1271 574
88 1 "motorbike" 223 416 352 585
88 2 "person" 258 318 375 548
88 3 "motorbike" 254 260 424 565 "involved accident"
88 4 "person" 285 323 419 614 "involved accident"
88 5 "car" 474 259 885 678
88 6 "car" 916 345 1274 691
88 7 "car" 836 390 983 535
88 8 "bus" 838 225 1228 506
88 9 "bus" 1150 164 1271 574
89 1 "motorbike" 225 428 345 579
89 2 "person" 247 333 364 543
89 3 "motorbike" 280 275 425 566 "involved accident"
89 4 "person" 285 323 419 614 "involved accident"
89 5 "car" 474 259 885 678
89 6 "car" 916 345 1274 691
89 7 "car" 836 390 983 535
89 8 "bus" 838 225 1228 506
89 9 "bus" 1150 164 1271 574
90 1 "motorbike" 227 440 338 574
90 2 "person" 236 348 353 539
90 3 "motorbike" 283 309 441 578 "involved accident"
90 4 "person" 285 324 419 615 "involved accident"
90 5 "car" 474 259 885 678
90 6 "car" 916 345 1274 691
90 7 "car" 836 390 983 535
90 8 "bus" 838 225 1228 506
90 9 "bus" 1150 164 1271 574
91 1 "motorbike" 230 439 341 573
91 2 "person" 241 348 353 536
91 3 "motorbike" 287 343 457 591 "involved accident"
91 4 "person" 296 338 429 604 "involved accident"
91 5 "car" 474 259 885 678
91 6 "car" 916 345 1274 691
91 7 "car" 836 390 983 535
91 8 "bus" 838 225 1228 506
91 9 "bus" 1150 164 1271 574
92 1 "motorbike" 233 439 344 573
92 2 "person" 247 348 353 534
92 3 "motorbike" 291 378 473 604 "involved accident"
92 4 "person" 307 353 440 594 "involved accident"
92 5 "car" 474 259 885 678
92 6 "car" 916 345 1274 691
92 7 "car" 836 390 983 535
92 8 "bus" 838 225 1228 506
92 9 "bus" 1150 164 1271 574
93 1 "motorbike" 236 438 347 572
93 2 "person" 252 348 353 531
93 3 "motorbike" 294 412 489 617 "involved accident"
93 4 "person" 318 367 451 584 "involved accident"
93 5 "car" 474 259 885 678
93 6 "car" 916 345 1274 691
93 7 "car" 836 390 983 535
93 8 "bus" 838 225 1228 506
93 9 "bus" 1150 164 1271 574
94 1 "motorbike" 240 438 351 572
94 2 "person" 258 349 354 529
94 3 "motorbike" 298 446 505 630 "involved accident"
94 4 "person" 329 382 462 574 "involved accident"
94 5 "car" 474 259 885 678
94 6 "car" 916 345 1274 691
94 7 "car" 836 390 983 535
94 8 "bus" 838 225 1228 506
94 9 "bus" 1150 164 1271 574
95 1 "motorbike" 243 438 354 572
95 2 "person" 263 349 354 526
95 3 "motorbike" 302 481 522 643 "involved accident"
95 4 "person" 340 397 473 564 "involved accident"
95 5 "car" 474 259 885 678
95 6 "car" 916 345 1274 691
95 7 "car" 836 390 983 535
95 8 "bus" 838 225 1228 506
95 9 "bus" 1150 164 1271 574
96 1 "motorbike" 246 437 357 571
96 2 "person" 269 349 354 524
96 3 "motorbike" 307 460 527 622 "involved accident"
96 4 "person" 340 402 473 569 "involved accident"
96 5 "car" 474 259 885 678
96 6 "car" 916 345 1274 691
96 7 "car" 836 390 983 535
96 8 "bus" 838 225 1228 506
96 9 "bus" 1150 164 1271 574
97 1 "motorbike" 250 437 361 571
97 2 "person" 274 350 355 521
97 3 "motorbike" 312 439 532 601 "involved accident"
97 4 "person" 341 407 474 574 "involved accident"
97 5 "car" 474 259 885 678
97 6 "car" 916 345 1274 691
97 7 "car" 836 390 983 535
97 8 "bus" 838 225 1228 506
97 9 "bus" 1150 164 1271 574
98 1 "motorbike" 253 436 364 570
98 2 "person" 280 350 355 519
98 3 "motorbike" 317 419 537 581 "involved accident"
98 4 "person" 342 413 475 580 "involved accident"
98 5 "car" 474 259 885 678
98 6 "car" 916 345 1274 691
98 7 "car" 836 390 983 535
98 8 "bus" 838 225 1228 506
98 9 "bus" 1150 164 1271 574
99 1 "motorbike" 256 436 367 570
99 2 "person" 285 350 355 516
99 3 "motorbike" 322 398 542 560 "involved accident"
99 4 "person" 343 418 476 585 "involved accident"
99 5 "car" 474 259 885 678
99 6 "car" 916 345 1274 691
99 7 "car" 836 390 983 535
99 8 "bus" 838 225 1228 506
99 9 "bus" 1150 164 1271 574
100 1 "motorbike" 260 436 371 570
100 2 "person" 291 351 356 514
100 3 "motorbike" 327 378 547 540 "involved accident"
100 4 "person" 344 424 477 591 "involved accident"
100 5 "car" 474 259 885 678
100 6 "car" 916 345 1274 691
100 7 "car" 836 390 983 535
100 8 "bus" 838 225 1228 506
100 9 "bus" 1150 164 1271 574
