1 1 "car" 563 224 1025 696
1 2 "car" 994 346 1161 567
1 3 "car" 1139 209 1275 668
1 4 "car" 434 307 574 481
1 5 "car" 229 393 332 474
1 6 "car" 341 390 394 443 "involved accident"
1 7 "person" 103 397 137 504
1 8 "motorbike" 31 451 94 530
2 1 "car" 563 224 1025 696
2 2 "car" 994 346 1161 567
2 3 "car" 1139 209 1275 668
2 4 "car" 430 307 573 482
2 5 "car" 229 393 332 474
2 6 "car" 341 390 394 443 "involved accident"
2 7 "person" 103 396 137 503
2 8 "motorbike" 31 451 94 530
3 1 "car" 563 224 1025 696
3 2 "car" 994 346 1161 567
3 3 "car" 1139 209 1275 668
3 4 "car" 426 307 573 484
3 5 "car" 229 393 332 474
3 6 "car" 342 390 395 443 "involved accident"
3 7 "person" 103 396 137 503
3 8 "motorbike" 31 451 94 530
4 1 "car" 563 224 1025 696
4 2 "car" 994 346 1161 567
4 3 "car" 1139 209 1275 668
4 4 "car" 422 307 573 486
4 5 "car" 229 393 332 474
4 6 "car" 342 390 395 443 "involved accident"
4 7 "person" 103 396 137 503
4 8 "motorbike" 31 451 94 530
5 1 "car" 563 224 1025 696
5 2 "car" 994 346 1161 567
5 3 "car" 1139 209 1275 668
5 4 "car" 418 307 573 488
5 5 "car" 229 393 332 474
5 6 "car" 343 390 396 443 "involved accident"
5 7 "person" 104 396 138 503
5 8 "motorbike" 31 451 94 530
6 1 "car" 563 224 1025 696
6 2 "car" 994 346 1161 567
6 3 "car" 1139 209 1275 668
6 4 "car" 414 307 573 490
6 5 "car" 229 393 332 474
6 6 "car" 343 390 396 443 "involved accident"
6 7 "person" 104 396 138 503
6 8 "motorbike" 31 451 94 530
7 1 "car" 563 224 1025 696
7 2 "car" 994 346 1161 567
7 3 "car" 1139 209 1275 668
7 4 "car" 410 307 573 492
7 5 "car" 229 393 332 474
7 6 "car" 344 390 397 443 "involved accident"
7 7 "person" 104 396 138 503
7 8 "motorbike" 31 451 94 530
8 1 "car" 563 224 1025 696
8 2 "car" 994 346 1161 567
8 3 "car" 1139 209 1275 668
8 4 "car" 406 307 573 493
8 5 "car" 229 393 332 474
8 6 "car" 345 390 398 443 "involved accident"
8 7 "person" 104 396 138 503
8 8 "motorbike" 31 451 94 530
9 1 "car" 563 224 1025 696
9 2 "car" 994 346 1161 567
9 3 "car" 1139 209 1275 668
9 4 "car" 402 307 573 495
9 5 "car" 229 393 332 474
9 6 "car" 345 390 398 443 "involved accident"
9 7 "person" 105 396 139 503
9 8 "motorbike" 31 451 94 530
10 1 "car" 563 224 1025 696
10 2 "car" 994 346 1161 567
10 3 "car" 1139 209 1275 668
10 4 "car" 398 307 573 497
10 5 "car" 229 393 332 474
10 6 "car" 346 390 399 443 "involved accident"
10 7 "person" 105 395 139 502
10 8 "motorbike" 31 451 94 530
11 1 "car" 563 224 1025 696
11 2 "car" 994 346 1161 567
11 3 "car" 1139 209 1275 668
11 4 "car" 394 307 573 499
11 5 "car" 229 393 332 474
11 6 "car" 346 390 399 443 "involved accident"
11 7 "person" 105 395 139 502
11 8 "motorbike" 31 451 94 530
12 1 "car" 563 224 1025 696
12 2 "car" 994 346 1161 567
12 3 "car" 1139 209 1275 668
12 4 "car" 390 307 573 501
12 5 "car" 229 393 332 474
12 6 "car" 347 390 400 443 "involved accident"
12 7 "person" 106 395 140 502
12 8 "motorbike" 31 451 94 530
13 1 "car" 563 224 1025 696
13 2 "car" 994 346 1161 567
13 3 "car" 1139 209 1275 668
13 4 "car" 386 307 573 503
13 5 "car" 229 393 332 474
13 7 "person" 106 395 140 502
13 8 "motorbike" 31 451 94 530
14 1 "car" 563 224 1025 696
14 2 "car" 994 346 1161 567
14 3 "car" 1139 209 1275 668
14 4 "car" 379 301 571 502
14 5 "car" 229 393 332 474
14 7 "person" 106 395 140 502
14 8 "motorbike" 31 451 94 530
15 1 "car" 563 224 1025 696
15 2 "car" 994 346 1161 567
15 3 "car" 1139 209 1275 668
15 4 "car" 373 295 569 501
15 5 "car" 229 393 332 474
15 7 "person" 106 395 140 502
15 8 "motorbike" 31 451 94 530
16 1 "car" 563 224 1025 696
16 2 "car" 994 346 1161 567
16 3 "car" 1139 209 1275 668
16 4 "car" 367 290 567 501
16 5 "car" 229 393 332 474
16 7 "person" 107 395 141 502
16 8 "motorbike" 31 451 94 530
17 1 "car" 563 224 1025 696
17 2 "car" 994 346 1161 567
17 3 "car" 1139 209 1275 668
17 4 "car" 360 284 565 500
17 5 "car" 229 393 332 474
17 7 "person" 107 395 141 502
17 8 "motorbike" 31 451 94 530
18 1 "car" 563 224 1025 696
18 2 "car" 994 346 1161 567
18 3 "car" 1139 209 1275 668
18 4 "car" 354 278 563 499
18 5 "car" 229 393 332 474
18 7 "person" 107 394 141 501
18 8 "motorbike" 31 451 94 530
19 1 "car" 563 224 1025 696
19 2 "car" 994 346 1161 567
19 3 "car" 1139 209 1275 668
19 4 "car" 348 273 562 499
19 5 "car" 229 393 332 474
19 7 "person" 108 394 142 501
19 8 "motorbike" 31 451 94 530
20 1 "car" 563 224 1025 696
20 2 "car" 994 346 1161 567
20 3 "car" 1139 209 1275 668
20 4 "car" 335 271 559 505
20 5 "car" 229 393 332 474
20 7 "person" 108 394 142 501
20 8 "motorbike" 31 451 94 530
21 1 "car" 563 224 1025 696
21 2 "car" 994 346 1161 567
21 3 "car" 1139 209 1275 668
21 4 "car" 323 270 557 511
21 5 "car" 229 393 332 474
21 7 "person" 108 394 142 501
21 8 "motorbike" 31 451 94 530
22 1 "car" 563 224 1025 696
22 2 "car" 994 346 1161 567
22 3 "car" 1139 209 1275 668
22 4 "car" 311 268 554 517
22 5 "car" 229 393 332 474
22 7 "person" 108 394 142 501
22 8 "motorbike" 31 451 94 530
23 1 "car" 563 224 1025 696
23 2 "car" 994 346 1161 567
23 3 "car" 1139 209 1275 668
23 4 "car" 298 267 552 523
23 5 "car" 229 393 332 474
23 7 "person" 109 394 143 501
23 8 "motorbike" 31 451 94 530
24 1 "car" 563 224 1025 696
24 2 "car" 994 346 1161 567
24 3 "car" 1139 209 1275 668
24 4 "car" 286 265 549 529
24 5 "car" 229 393 332 474
24 7 "person" 109 394 143 501
24 8 "motorbike" 31 451 94 530
25 1 "car" 563 224 1025 696
25 2 "car" 994 346 1161 567
25 3 "car" 1139 209 1275 668
25 4 "car" 274 264 547 535
25 5 "car" 229 393 332 474
25 7 "person" 109 394 143 501
25 8 "motorbike" 31 451 94 530
26 1 "car" 563 224 1025 696
26 2 "car" 994 346 1161 567
26 3 "car" 1139 209 1275 668
26 4 "car" 262 263 545 542
26 5 "car" 229 393 332 474
26 7 "person" 110 394 144 501
26 8 "motorbike" 31 451 94 530
27 1 "car" 563 224 1025 696
27 2 "car" 994 346 1161 567
27 3 "car" 1139 209 1275 668
27 4 "car" 252 263 545 541
27 5 "car" 229 393 332 474
27 7 "person" 110 394 144 501
27 8 "motorbike" 31 451 94 530
28 1 "car" 563 224 1025 696
28 2 "car" 994 346 1161 567
28 3 "car" 1139 209 1275 668
28 4 "car" 242 263 545 541
28 5 "car" 229 393 332 474
28 7 "person" 110 394 144 501
28 8 "motorbike" 31 451 94 530
29 1 "car" 563 224 1025 696
29 2 "car" 994 346 1161 567
29 3 "car" 1139 209 1275 668
29 4 "car" 232 263 545 541
29 5 "car" 229 393 332 474
29 7 "person" 110 394 144 501
29 8 "motorbike" 31 451 94 530
30 1 "car" 563 224 1025 696
30 2 "car" 994 346 1161 567
30 3 "car" 1139 209 1275 668
30 4 "car" 222 263 545 541
30 5 "car" 229 393 332 474
30 7 "person" 110 394 144 501
30 8 "motorbike" 31 451 94 530
31 1 "car" 563 224 1025 696
31 2 "car" 994 346 1161 567
31 3 "car" 1139 209 1275 668
31 4 "car" 212 263 545 541
31 5 "car" 229 393 332 474
31 7 "person" 110 394 144 501
31 8 "motorbike" 31 451 94 530
32 1 "car" 563 224 1025 696
32 2 "car" 994 346 1161 567
32 3 "car" 1139 209 1275 668
32 4 "car" 203 263 545 541
32 5 "car" 229 393 332 474
32 7 "person" 110 394 144 501
32 8 "motorbike" 31 451 94 530
33 1 "car" 563 224 1025 696
33 2 "car" 994 346 1161 567
33 3 "car" 1139 209 1275 668
33 4 "car" 180 255 540 546
33 5 "car" 229 393 332 474
33 7 "person" 110 394 144 501
33 8 "motorbike" 31 451 94 530
34 1 "car" 563 224 1025 696
34 2 "car" 994 346 1161 567
34 3 "car" 1139 209 1275 668
34 4 "car" 158 247 536 551
34 5 "car" 229 393 332 474
34 7 "person" 110 394 144 501
34 8 "motorbike" 31 451 94 530
35 1 "car" 563 224 1025 696
35 2 "car" 994 346 1161 567
35 3 "car" 1139 209 1275 668
35 4 "car" 136 239 531 557
35 5 "car" 229 393 332 474
35 7 "person" 110 394 144 501
35 8 "motorbike" 31 451 94 530
36 1 "car" 563 224 1025 696
36 2 "car" 994 346 1161 567
36 3 "car" 1139 209 1275 668
36 4 "car" 114 231 527 562
36 5 "car" 229 393 332 474
36 7 "person" 110 394 144 501
36 8 "motorbike" 31 451 94 530
37 1 "car" 563 224 1025 696
37 2 "car" 994 346 1161 567
37 3 "car" 1139 209 1275 668
37 4 "car" 92 224 522 568
37 5 "car" 229 393 332 474
37 7 "person" 110 394 144 501
37 8 "motorbike" 31 451 94 530
38 1 "car" 563 224 1025 696
38 2 "car" 994 346 1161 567
38 3 "car" 1139 209 1275 668
38 4 "car" 70 216 518 573
38 5 "car" 229 393 332 474
38 7 "person" 109 394 143 500
38 8 "motorbike" 31 451 94 530
39 1 "car" 563 224 1025 696
39 2 "car" 994 346 1161 567
39 3 "car" 1139 209 1275 668
39 4 "car" 48 208 513 579
39 5 "car" 229 393 332 474
39 7 "person" 109 395 143 500
39 8 "motorbike" 31 451 94 530
40 1 "car" 563 224 1025 696
40 2 "car" 994 346 1161 567
40 3 "car" 1139 209 1275 668
40 4 "car" 26 200 509 584
40 5 "car" 229 393 332 474
40 7 "person" 108 396 143 500
40 8 "motorbike" 31 451 94 530
41 1 "car" 563 224 1025 696
41 2 "car" 994 346 1161 567
41 3 "car" 1139 209 1275 668
41 4 "car" 4 193 505 590
41 5 "car" 229 393 332 474
41 7 "person" 108 397 143 500
41 8 "motorbike" 31 451 94 530
42 1 "car" 563 224 1025 696
42 2 "car" 994 346 1161 567
42 3 "car" 1139 209 1275 668
42 4 "car" 3 171 495 597
42 5 "car" 229 393 332 474
42 7 "person" 107 397 143 500
42 8 "motorbike" 31 451 94 530
43 1 "car" 563 224 1025 696
43 2 "car" 994 346 1161 567
43 3 "car" 1139 209 1275 668
43 4 "car" 2 149 485 605
43 5 "car" 229 393 332 474
43 7 "person" 107 398 143 500
43 8 "motorbike" 31 451 94 530
44 1 "car" 563 224 1025 696
44 2 "car" 994 346 1161 567
44 3 "car" 1139 209 1275 668
44 4 "car" 1 127 475 613
44 5 "car" 229 393 332 474
44 7 "person" 107 399 143 500
44 8 "motorbike" 31 451 94 530
45 1 "car" 563 224 1025 696
45 2 "car" 994 346 1161 567
45 3 "car" 1139 209 1275 668
45 4 "car" 0 105 465 621
45 5 "car" 229 393 332 474
45 7 "person" 106 400 143 500
45 8 "motorbike" 31 451 94 530
46 1 "car" 563 224 1025 696
46 2 "car" 994 346 1161 567
46 3 "car" 1139 209 1275 668
46 4 "car" 0 83 456 629
46 5 "car" 229 393 332 474
46 6 "car" 457 396 510 449 "involved accident"
46 7 "person" 106 401 143 500
46 8 "motorbike" 31 451 94 530
47 1 "car" 563 224 1025 696
47 2 "car" 994 346 1161 567
47 3 "car" 1139 209 1275 668
47 4 "car" 1 69 445 634
47 5 "car" 229 393 332 474
47 6 "car" 457 395 510 449 "involved accident"
47 7 "person" 105 401 142 500
47 8 "motorbike" 31 451 94 530
48 1 "car" 563 224 1025 696
48 2 "car" 994 346 1161 567
48 3 "car" 1139 209 1275 668
48 4 "car" 2 56 434 640
48 5 "car" 229 393 332 474
48 6 "car" 457 395 511 450 "involved accident"
48 7 "person" 105 402 142 500
48 8 "motorbike" 31 451 94 530
49 1 "car" 563 224 1025 696
49 2 "car" 994 346 1161 567
49 3 "car" 1139 209 1275 668
49 4 "car" 3 42 423 645
49 5 "car" 229 393 332 474
49 6 "car" 457 395 511 451 "involved accident"
49 7 "person" 104 403 142 500
49 8 "motorbike" 31 451 94 530
50 1 "car" 563 224 1025 696
50 2 "car" 994 346 1161 567
50 3 "car" 1139 209 1275 668
50 4 "car" 4 29 413 651
50 5 "car" 229 393 332 474
50 6 "car" 457 395 512 452 "involved accident"
50 7 "person" 104 404 142 500
50 8 "motorbike" 31 451 94 530
51 1 "car" 563 224 1025 696
51 2 "car" 994 346 1161 567
51 3 "car" 1139 209 1275 668
51 4 "car" 4 29 395 650
51 5 "car" 229 393 332 474
51 6 "car" 457 395 513 452 "involved accident"
51 7 "person" 104 405 142 500
51 8 "motorbike" 31 451 94 530
52 1 "car" 563 224 1025 696
52 2 "car" 994 346 1161 567
52 3 "car" 1139 209 1275 668
52 4 "car" 4 29 377 650
52 5 "car" 229 393 332 474
52 6 "car" 457 395 513 453 "involved accident"
52 7 "person" 103 405 142 499
52 8 "motorbike" 31 451 94 530
53 1 "car" 563 224 1025 696
53 2 "car" 994 346 1161 567
53 3 "car" 1139 209 1275 668
53 4 "car" 4 29 360 650
53 5 "car" 229 393 332 474
53 6 "car" 458 395 514 454 "involved accident"
53 7 "person" 103 406 142 499
53 8 "motorbike" 31 451 94 530
54 1 "car" 563 224 1025 696
54 2 "car" 994 346 1161 567
54 3 "car" 1139 209 1275 668
54 4 "car" 4 29 342 650
54 5 "car" 229 393 332 474
54 6 "car" 458 395 514 455 "involved accident"
54 7 "person" 102 407 142 499
54 8 "motorbike" 31 451 94 530
55 1 "car" 563 224 1025 696
55 2 "car" 994 346 1161 567
55 3 "car" 1139 209 1275 668
55 4 "car" 4 29 324 650
55 5 "car" 229 393 332 474
55 6 "car" 458 395 515 455 "involved accident"
55 7 "person" 102 408 142 499
55 8 "motorbike" 31 451 94 530
56 1 "car" 563 224 1025 696
56 2 "car" 994 346 1161 567
56 3 "car" 1139 209 1275 668
56 4 "car" 4 29 307 650
56 5 "car" 229 393 332 474
56 6 "car" 458 395 516 456 "involved accident"
56 7 "person" 101 408 141 499
56 8 "motorbike" 31 451 94 530
57 1 "car" 563 224 1025 696
57 2 "car" 994 346 1161 567
57 3 "car" 1139 209 1275 668
57 4 "car" 4 29 289 650
57 5 "car" 229 393 332 474
57 6 "car" 458 394 516 457 "involved accident"
57 7 "person" 101 409 141 499
57 8 "motorbike" 31 451 94 530
58 1 "car" 563 224 1025 696
58 2 "car" 994 346 1161 567
58 3 "car" 1139 209 1275 668
58 4 "car" 4 29 271 650
58 5 "car" 229 393 332 474
58 6 "car" 458 394 517 458 "involved accident"
58 7 "person" 101 410 141 499
58 8 "motorbike" 31 451 94 530
59 1 "car" 563 224 1025 696
59 2 "car" 994 346 1161 567
59 3 "car" 1139 209 1275 668
59 5 "car" 229 393 332 474
59 6 "car" 458 394 517 458 "involved accident"
59 7 "person" 100 411 141 499
59 8 "motorbike" 31 451 94 530
59 9 "motorbike" 548 402 577 460 "involved accident"
60 1 "car" 563 224 1025 696
60 2 "car" 994 346 1161 567
60 3 "car" 1139 209 1275 668
60 5 "car" 229 393 332 474
60 6 "car" 459 394 518 459 "involved accident"
60 7 "person" 100 412 141 499
60 8 "motorbike" 31 451 94 530
60 9 "motorbike" 545 402 574 460 "involved accident"
61 1 "car" 563 224 1025 696
61 2 "car" 994 346 1161 567
61 3 "car" 1139 209 1275 668
61 5 "car" 229 393 332 474
61 6 "car" 459 394 519 460 "involved accident"
61 7 "person" 99 412 141 499
61 8 "motorbike" 31 451 94 530
61 9 "motorbike" 542 402 571 460 "involved accident"
62 1 "car" 563 224 1025 696
62 2 "car" 994 346 1161 567
62 3 "car" 1139 209 1275 668
62 5 "car" 229 393 332 474
62 6 "car" 459 394 519 461 "involved accident"
62 7 "person" 99 413 141 499
62 8 "motorbike" 31 451 94 530
62 9 "motorbike" 540 402 569 460 "involved accident"
63 1 "car" 563 224 1025 696
63 2 "car" 994 346 1161 567
63 3 "car" 1139 209 1275 668
63 5 "car" 229 393 332 474
63 6 "car" 459 394 520 461 "involved accident"
63 7 "person" 98 414 141 499
63 8 "motorbike" 31 451 94 530
63 9 "motorbike" 537 402 566 460 "involved accident"
64 1 "car" 563 224 1025 696
64 2 "car" 994 346 1161 567
64 3 "car" 1139 209 1275 668
64 5 "car" 229 393 332 474
64 6 "car" 459 394 520 462 "involved accident"
64 7 "person" 98 415 141 499
64 8 "motorbike" 31 451 94 530
64 9 "motorbike" 535 402 564 460 "involved accident"
65 1 "car" 563 224 1025 696
65 2 "car" 994 346 1161 567
65 3 "car" 1139 209 1275 668
65 5 "car" 229 393 332 474
65 6 "car" 459 394 521 463 "involved accident"
65 7 "person" 98 416 141 499
65 8 "motorbike" 31 451 94 530
65 9 "motorbike" 532 402 561 460 "involved accident"
66 1 "car" 563 224 1025 696
66 2 "car" 994 346 1161 567
66 3 "car" 1139 209 1275 668
66 5 "car" 229 393 332 474
66 6 "car" 460 394 522 464 "involved accident"
66 7 "person" 98 416 141 499
66 8 "motorbike" 31 451 94 530
66 9 "motorbike" 530 403 559 461 "involved accident"
67 1 "car" 563 224 1025 696
67 2 "car" 994 346 1161 567
67 3 "car" 1139 209 1275 668
67 5 "car" 229 393 332 474
67 6 "car" 457 393 520 464 "involved accident"
67 7 "person" 98 416 141 499
67 8 "motorbike" 31 451 94 530
67 9 "motorbike" 527 403 556 461 "involved accident"
68 1 "car" 563 224 1025 696
68 2 "car" 994 346 1161 567
68 3 "car" 1139 209 1275 668
68 5 "car" 229 393 332 474
68 6 "car" 454 393 518 464 "involved accident"
68 7 "person" 98 416 141 499
68 8 "motorbike" 31 451 94 530
68 9 "motorbike" 524 404 553 462 "involved accident"
69 1 "car" 563 224 1025 696
69 2 "car" 994 346 1161 567
69 3 "car" 1139 209 1275 668
69 5 "car" 229 393 332 474
69 6 "car" 451 392 516 464 "involved accident"
69 7 "person" 98 416 141 499
69 8 "motorbike" 31 451 94 530
69 9 "motorbike" 521 405 550 463 "involved accident"
70 1 "car" 563 224 1025 696
70 2 "car" 994 346 1161 567
70 3 "car" 1139 209 1275 668
70 5 "car" 229 393 332 474
70 6 "car" 448 392 514 464 "involved accident"
70 7 "person" 98 416 141 499
70 8 "motorbike" 31 451 94 530
70 9 "motorbike" 519 406 548 464 "involved accident"
71 1 "car" 563 224 1025 696
71 2 "car" 994 346 1161 567
71 3 "car" 1139 209 1275 668
71 5 "car" 229 393 332 474
71 6 "car" 445 392 512 464 "involved accident"
71 7 "person" 98 416 141 499
71 8 "motorbike" 31 451 94 530
71 9 "motorbike" 516 407 545 465 "involved accident"
72 1 "car" 563 224 1025 696
72 2 "car" 994 346 1161 567
72 3 "car" 1139 209 1275 668
72 5 "car" 229 393 332 474
72 6 "car" 442 391 510 464 "involved accident"
72 7 "person" 98 416 141 499
72 8 "motorbike" 31 451 94 530
72 9 "motorbike" 513 408 542 466 "involved accident"
73 1 "car" 563 224 1025 696
73 2 "car" 994 346 1161 567
73 3 "car" 1139 209 1275 668
73 5 "car" 229 393 332 474
73 6 "car" 439 391 508 464 "involved accident"
73 7 "person" 98 416 141 499
73 8 "motorbike" 31 451 94 530
73 9 "motorbike" 511 409 540 467 "involved accident"
74 1 "car" 563 224 1025 696
74 2 "car" 994 346 1161 567
74 3 "car" 1139 209 1275 668
74 5 "car" 229 393 332 474
74 6 "car" 436 391 506 464 "involved accident"
74 7 "person" 98 416 141 499
74 8 "motorbike" 31 451 94 530
74 9 "motorbike" 508 410 537 468 "involved accident"
75 1 "car" 563 224 1025 696
75 2 "car" 994 346 1161 567
75 3 "car" 1139 209 1275 668
75 5 "car" 229 393 332 474
75 6 "car" 433 390 504 465 "involved accident"
75 7 "person" 98 416 141 499
75 8 "motorbike" 31 451 94 530
75 9 "motorbike" 505 410 534 468 "involved accident"
76 1 "car" 563 224 1025 696
76 2 "car" 994 346 1161 567
76 3 "car" 1139 209 1275 668
76 5 "car" 229 393 332 474
76 6 "car" 430 390 502 465 "involved accident"
76 7 "person" 98 416 141 499
76 8 "motorbike" 31 451 94 530
76 9 "motorbike" 502 411 531 469 "involved accident"
77 1 "car" 563 224 1025 696
77 2 "car" 994 346 1161 567
77 3 "car" 1139 209 1275 668
77 5 "car" 229 393 332 474
77 6 "car" 427 390 500 465 "involved accident"
77 7 "person" 98 416 141 499
77 8 "motorbike" 31 451 94 530
77 9 "motorbike" 500 412 529 470 "involved accident"
78 1 "car" 563 224 1025 696
78 2 "car" 994 346 1161 567
78 3 "car" 1139 209 1275 668
78 5 "car" 229 393 332 474
78 6 "car" 424 389 498 465 "involved accident"
78 7 "person" 98 416 141 499
78 8 "motorbike" 31 451 94 530
78 9 "motorbike" 497 413 526 471 "involved accident"
79 1 "car" 563 224 1025 696
79 2 "car" 994 346 1161 567
79 3 "car" 1139 209 1275 668
79 5 "car" 229 393 332 474
79 6 "car" 421 389 496 465 "involved accident"
79 7 "person" 98 416 141 499
79 8 "motorbike" 31 451 94 530
79 9 "motorbike" 494 414 523 472 "involved accident"
80 1 "car" 563 224 1025 696
80 2 "car" 994 346 1161 567
80 3 "car" 1139 209 1275 668
80 5 "car" 229 393 332 474
80 6 "car" 418 389 494 465 "involved accident"
80 7 "person" 98 416 141 499
80 8 "motorbike" 31 451 94 530
80 9 "motorbike" 492 415 521 473 "involved accident"
81 1 "car" 563 224 1025 696
81 2 "car" 994 346 1161 567
81 3 "car" 1139 209 1275 668
81 5 "car" 229 393 332 474
81 6 "car" 415 388 492 465 "involved accident"
81 7 "person" 98 416 141 499
81 8 "motorbike" 31 451 94 530
81 9 "motorbike" 489 416 518 474 "involved accident"
82 1 "car" 563 224 1025 696
82 2 "car" 994 346 1161 567
82 3 "car" 1139 209 1275 668
82 5 "car" 229 393 332 474
82 6 "car" 412 388 490 465 "involved accident"
82 7 "person" 98 416 141 499
82 8 "motorbike" 31 451 94 530
82 9 "motorbike" 486 417 515 475 "involved accident"
83 1 "car" 563 224 1025 696
83 2 "car" 994 346 1161 567
83 3 "car" 1139 209 1275 668
83 5 "car" 229 393 332 474
83 6 "car" 409 388 488 466 "involved accident"
83 7 "person" 98 416 141 499
83 8 "motorbike" 31 451 94 530
83 9 "motorbike" 484 418 513 476 "involved accident"
84 1 "car" 563 224 1025 696
84 2 "car" 994 346 1161 567
84 3 "car" 1139 209 1275 668
84 5 "car" 229 393 332 474
84 6 "car" 404 387 487 466 "involved accident"
84 7 "person" 98 416 141 499
84 8 "motorbike" 31 451 94 530
84 9 "motorbike" 482 420 515 476 "involved accident"
85 1 "car" 563 224 1025 696
85 2 "car" 994 346 1161 567
85 3 "car" 1139 209 1275 668
85 5 "car" 229 393 332 474
85 6 "car" 399 387 487 467 "involved accident"
85 7 "person" 98 416 141 499
85 8 "motorbike" 31 451 94 530
85 9 "motorbike" 481 422 517 477 "involved accident"
86 1 "car" 563 224 1025 696
86 2 "car" 994 346 1161 567
86 3 "car" 1139 209 1275 668
86 5 "car" 229 393 332 474
86 6 "car" 394 387 486 468 "involved accident"
86 7 "person" 98 416 141 499
86 8 "motorbike" 31 451 94 530
86 9 "motorbike" 480 424 519 478 "involved accident"
87 1 "car" 563 224 1025 696
87 2 "car" 994 346 1161 567
87 3 "car" 1139 209 1275 668
87 5 "car" 229 393 332 474
87 6 "car" 389 387 486 469 "involved accident"
87 7 "person" 98 416 141 499
87 8 "motorbike" 31 451 94 530
87 9 "motorbike" 478 427 521 479 "involved accident"
88 1 "car" 563 224 1025 696
88 2 "car" 994 346 1161 567
88 3 "car" 1139 209 1275 668
88 5 "car" 229 393 332 474
88 6 "car" 384 387 485 470 "involved accident"
88 7 "person" 98 416 141 499
88 8 "motorbike" 31 451 94 530
88 9 "motorbike" 477 429 523 479 "involved accident"
89 1 "car" 563 224 1025 696
89 2 "car" 994 346 1161 567
89 3 "car" 1139 209 1275 668
89 5 "car" 229 393 332 474
89 6 "car" 379 386 485 471 "involved accident"
89 7 "person" 98 416 141 499
89 8 "motorbike" 31 451 94 530
89 9 "motorbike" 476 431 525 480 "involved accident"
90 1 "car" 563 224 1025 696
90 2 "car" 994 346 1161 567
90 3 "car" 1139 209 1275 668
90 5 "car" 229 393 332 474
90 6 "car" 374 386 484 472 "involved accident"
90 7 "person" 98 416 141 499
90 8 "motorbike" 31 451 94 530
90 9 "motorbike" 474 434 527 481 "involved accident"
91 1 "car" 563 224 1025 696
91 2 "car" 994 346 1161 567
91 3 "car" 1139 209 1275 668
91 5 "car" 229 393 332 474
91 6 "car" 369 386 484 473 "involved accident"
91 7 "person" 98 416 141 499
91 8 "motorbike" 31 451 94 530
91 9 "motorbike" 473 436 529 482 "involved accident"
92 1 "car" 563 224 1025 696
92 2 "car" 994 346 1161 567
92 3 "car" 1139 209 1275 668
92 5 "car" 229 393 332 474
92 6 "car" 364 386 483 474 "involved accident"
92 7 "person" 98 416 141 499
92 8 "motorbike" 31 451 94 530
92 9 "motorbike" 472 438 531 482 "involved accident"
93 1 "car" 563 224 1025 696
93 2 "car" 994 346 1161 567
93 3 "car" 1139 209 1275 668
93 5 "car" 229 393 332 474
93 6 "car" 359 386 483 475 "involved accident"
93 7 "person" 98 416 141 499
93 8 "motorbike" 31 451 94 530
93 9 "motorbike" 470 441 533 483 "involved accident"
94 1 "car" 563 224 1025 696
94 2 "car" 994 346 1161 567
94 3 "car" 1139 209 1275 668
94 5 "car" 229 393 332 474
94 6 "car" 354 385 482 476 "involved accident"
94 7 "person" 98 416 141 499
94 8 "motorbike" 31 451 94 530
94 9 "motorbike" 469 443 535 484 "involved accident"
95 1 "car" 563 224 1025 696
95 2 "car" 994 346 1161 567
95 3 "car" 1139 209 1275 668
95 5 "car" 229 393 332 474
95 6 "car" 349 385 482 477 "involved accident"
95 7 "person" 98 416 141 499
95 8 "motorbike" 31 451 94 530
95 9 "motorbike" 468 445 537 485 "involved accident"
96 1 "car" 563 224 1025 696
96 2 "car" 994 346 1161 567
96 3 "car" 1139 209 1275 668
96 5 "car" 229 393 332 474
96 6 "car" 344 385 481 478 "involved accident"
96 7 "person" 98 416 141 499
96 8 "motorbike" 31 451 94 530
96 9 "motorbike" 466 448 539 485 "involved accident"
96 10 "person" 420 455 473 493 "involved accident"
97 1 "car" 563 224 1025 696
97 2 "car" 994 346 1161 567
97 3 "car" 1139 209 1275 668
97 5 "car" 229 393 332 474
97 6 "car" 339 385 481 479 "involved accident"
97 7 "person" 98 416 141 499
97 8 "motorbike" 31 451 94 530
97 9 "motorbike" 465 450 541 486 "involved accident"
97 10 "person" 420 455 473 493 "involved accident"
98 1 "car" 563 224 1025 696
98 2 "car" 994 346 1161 567
98 3 "car" 1139 209 1275 668
98 5 "car" 229 393 332 474
98 6 "car" 334 385 480 480 "involved accident"
98 7 "person" 98 416 141 499
98 8 "motorbike" 31 451 94 530
98 9 "motorbike" 464 452 543 487 "involved accident"
98 10 "person" 420 455 473 493 "involved accident"
99 1 "car" 563 224 1025 696
99 2 "car" 994 346 1161 567
99 3 "car" 1139 209 1275 668
99 5 "car" 229 393 332 474
99 6 "car" 330 385 480 481 "involved accident"
99 7 "person" 98 416 141 499
99 8 "motorbike" 31 451 94 530
99 9 "motorbike" 463 455 546 488 "involved accident"
99 10 "person" 420 455 473 493 "involved accident"
100 1 "car" 563 224 1025 696
100 2 "car" 994 346 1161 567
100 3 "car" 1139 209 1275 668
100 5 "car" 229 393 332 474
100 6 "car" 330 385 480 481 "involved accident"
100 7 "person" 98 416 141 499
100 8 "motorbike" 31 451 94 530
100 9 "motorbike" 463 455 546 488 "involved accident"
100 10 "person" 420 455 473 493 "involved accident"
