1 1 "bus" 615 135 927 439
1 2 "car" 226 334 390 389
1 7 "motorbike" 576 329 590 362
2 1 "bus" 615 132 927 439
2 2 "car" 226 333 390 389
2 7 "motorbike" 576 327 590 360
3 1 "bus" 616 130 927 440
3 2 "car" 227 332 390 390
3 7 "motorbike" 576 326 590 359
4 1 "bus" 617 128 927 441
4 2 "car" 227 331 390 390
4 7 "motorbike" 577 325 591 358
5 1 "bus" 618 126 928 442
5 2 "car" 228 331 390 391
5 7 "motorbike" 577 324 591 357
6 1 "bus" 620 124 930 440
6 2 "car" 228 327 392 390
6 7 "motorbike" 577 322 591 355
7 1 "bus" 623 123 933 439
7 2 "car" 228 324 394 390
7 7 "motorbike" 578 321 592 354
8 1 "bus" 626 122 936 438
8 2 "car" 228 320 396 390
8 7 "motorbike" 578 320 592 353
9 1 "bus" 629 121 939 437
9 2 "car" 228 317 399 390
9 7 "motorbike" 578 319 592 352
10 1 "bus" 629 120 939 436
10 2 "car" 228 315 399 389
10 7 "motorbike" 579 317 593 350
11 1 "bus" 630 119 940 435
11 2 "car" 228 314 399 388
11 7 "motorbike" 579 316 593 349
12 1 "bus" 630 118 940 434
12 2 "car" 228 313 399 387
12 7 "motorbike" 579 315 593 348
13 1 "bus" 631 118 941 434
13 2 "car" 229 312 400 386
13 7 "motorbike" 580 314 594 347
14 1 "bus" 633 117 943 433
14 2 "car" 230 312 401 386
14 7 "motorbike" 579 314 593 347
15 1 "bus" 635 116 945 432
15 2 "car" 231 312 402 386
15 7 "motorbike" 579 314 593 347
16 1 "bus" 638 115 948 431
16 2 "car" 232 312 403 386
16 7 "motorbike" 579 314 593 347
17 1 "bus" 640 114 950 430
17 2 "car" 233 312 404 386
17 4 "car" 1 345 65 412
17 5 "car" 122 317 232 371
17 7 "motorbike" 578 314 593 347
18 1 "bus" 643 114 953 430
18 2 "car" 235 312 406 386
18 3 "motorbike" 490 306 523 371
18 4 "car" 0 349 68 416
18 5 "car" 117 317 230 374
18 7 "motorbike" 578 314 593 347
19 1 "bus" 643 112 955 430
19 2 "car" 237 311 408 388
19 3 "motorbike" 490 306 523 371
19 4 "car" 0 354 71 420
19 5 "car" 113 317 229 377
19 7 "motorbike" 578 314 593 348
20 1 "bus" 643 110 957 430
20 2 "car" 239 310 410 390
20 3 "motorbike" 490 307 523 372
20 4 "car" 0 358 74 424
20 5 "car" 108 317 227 380
20 7 "motorbike" 578 314 593 348
21 1 "bus" 643 108 959 430
21 2 "car" 241 310 412 393
21 3 "motorbike" 491 307 524 372
21 4 "car" 0 363 77 429
21 5 "car" 104 318 226 383
21 7 "motorbike" 577 314 593 348
22 1 "bus" 643 106 961 430
22 2 "car" 241 311 412 394
22 3 "motorbike" 491 308 524 373
22 4 "car" 0 354 79 432
22 5 "car" 101 319 223 384
22 7 "motorbike" 577 314 593 348
23 1 "bus" 643 104 963 430
23 2 "car" 242 312 413 395
23 3 "motorbike" 492 308 525 373
23 4 "car" 0 345 82 436
23 5 "car" 99 321 221 386
23 7 "motorbike" 577 314 592 348
24 1 "bus" 643 102 965 430
24 2 "car" 243 313 413 396
24 3 "motorbike" 492 309 525 374
24 4 "car" 0 336 84 440
24 5 "car" 97 323 219 388
24 7 "motorbike" 577 314 592 349
25 1 "bus" 643 100 967 430
25 2 "car" 244 314 414 397
25 3 "motorbike" 493 310 526 375
25 4 "car" 0 327 87 444
25 5 "car" 95 325 217 390
25 7 "motorbike" 576 314 592 349
26 1 "bus" 642 100 969 432
26 2 "car" 244 314 414 400
26 3 "motorbike" 493 310 526 375
26 4 "car" 0 327 87 444
26 5 "car" 92 327 214 392
26 7 "motorbike" 576 314 592 349
27 1 "bus" 642 100 972 434
27 2 "car" 245 315 414 404
27 3 "motorbike" 494 311 527 376
27 4 "car" 0 327 87 444
27 5 "car" 90 329 212 394
27 7 "motorbike" 576 314 592 349
28 1 "bus" 642 100 974 436
28 2 "car" 245 316 414 407
28 3 "motorbike" 495 311 528 377
28 4 "car" 0 327 87 444
28 5 "car" 88 331 210 396
28 7 "motorbike" 576 314 592 349
29 1 "bus" 642 100 977 438
29 2 "car" 246 317 415 411
29 3 "motorbike" 496 312 529 378
29 4 "car" 0 327 87 444
29 5 "car" 86 333 208 398
29 7 "motorbike" 575 314 592 349
30 1 "bus" 642 100 979 440
30 2 "car" 247 318 416 412
30 3 "motorbike" 497 312 530 378
30 4 "car" 0 327 91 443
30 5 "car" 82 333 206 398
30 7 "motorbike" 575 314 592 350
31 1 "bus" 642 100 982 442
31 2 "car" 248 319 418 413
31 3 "motorbike" 498 312 531 378
31 4 "car" 0 327 96 443
31 5 "car" 78 334 204 398
31 7 "motorbike" 575 314 592 350
32 1 "bus" 642 100 984 444
32 2 "car" 249 320 419 414
32 3 "motorbike" 499 312 532 378
32 4 "car" 0 327 100 443
32 5 "car" 74 334 202 398
32 7 "motorbike" 575 314 591 350
33 1 "bus" 642 100 987 446
33 2 "car" 251 322 421 416
33 3 "motorbike" 500 313 533 379
33 4 "car" 0 327 105 443
33 5 "car" 70 335 200 399
33 7 "motorbike" 574 314 591 350
34 1 "bus" 642 97 989 446
34 2 "car" 253 320 423 414
34 3 "motorbike" 500 312 533 378
34 4 "car" 0 326 106 442
34 5 "car" 69 333 199 397
34 7 "motorbike" 574 314 591 350
35 1 "bus" 642 95 992 447
35 2 "car" 255 318 425 412
35 3 "motorbike" 500 312 533 378
35 4 "car" 0 325 108 442
35 5 "car" 69 332 199 396
35 7 "motorbike" 574 314 591 351
36 1 "bus" 642 92 994 447
36 2 "car" 257 316 427 410
36 3 "motorbike" 500 311 534 377
36 4 "car" 0 324 110 442
36 5 "car" 69 330 199 394
36 7 "motorbike" 574 314 591 351
37 1 "bus" 642 90 997 448
37 2 "car" 259 315 429 409
37 3 "motorbike" 501 311 534 377
37 4 "car" 0 323 112 442
37 5 "car" 69 329 199 393
37 6 "car" 478 313 514 351
37 7 "motorbike" 573 314 591 351
38 1 "bus" 642 88 999 447
38 2 "car" 259 315 425 396
38 3 "motorbike" 501 310 534 376
38 4 "car" 0 322 114 442
38 5 "car" 78 329 197 392
38 6 "car" 476 312 513 350
38 7 "motorbike" 573 314 591 351
39 1 "bus" 642 87 1002 447
39 2 "car" 259 315 421 384
39 3 "motorbike" 501 310 535 376
39 4 "car" 0 322 116 442
39 5 "car" 87 329 195 392
39 6 "car" 474 312 513 350
39 7 "motorbike" 573 314 591 351
40 1 "bus" 642 86 1005 447
40 2 "car" 259 315 417 372
40 3 "motorbike" 501 309 535 375
40 4 "car" 0 321 118 442
40 5 "car" 96 329 193 392
40 6 "car" 472 312 513 350
40 7 "motorbike" 573 314 591 352
41 1 "bus" 642 85 1008 447
41 2 "car" 259 315 414 360
41 3 "motorbike" 502 309 536 375
41 4 "car" 0 320 120 442
41 5 "car" 105 330 192 392
41 6 "car" 470 312 513 350
41 7 "motorbike" 572 312 590 351
42 1 "bus" 642 83 1010 447
42 2 "car" 260 312 415 367
42 3 "motorbike" 502 307 536 373
42 4 "car" 0 319 122 442
42 5 "car" 101 328 190 389
42 6 "car" 470 311 513 350
42 7 "motorbike" 572 311 590 350
43 1 "bus" 642 82 1013 447
43 2 "car" 262 310 416 375
43 3 "motorbike" 503 306 537 372
43 4 "car" 0 318 124 442
43 5 "car" 97 326 188 387
43 6 "car" 470 310 514 350
43 7 "motorbike" 571 310 589 349
44 1 "bus" 642 81 1016 447
44 2 "car" 263 308 417 382
44 3 "motorbike" 504 304 538 370
44 4 "car" 0 317 126 442
44 5 "car" 93 324 186 385
44 6 "car" 470 309 515 350
44 7 "motorbike" 571 309 589 349
44 8 "motorbike" 400 304 426 361
45 1 "bus" 643 80 1019 447
45 2 "car" 265 306 419 390
45 3 "motorbike" 505 303 539 369
45 4 "car" 0 317 128 442
45 5 "car" 89 322 184 383
45 6 "car" 470 308 516 350
45 7 "motorbike" 571 307 589 348
45 8 "motorbike" 401 304 428 361
46 1 "bus" 642 78 1023 446
46 2 "car" 265 306 418 392
46 3 "motorbike" 505 303 539 369
46 4 "car" 0 318 127 421
46 5 "car" 88 321 183 382
46 6 "car" 469 306 515 348
46 7 "motorbike" 570 306 588 347
46 8 "motorbike" 403 304 430 361
46 9 "car" 240 315 284 358
47 1 "bus" 642 77 1027 446
47 2 "car" 265 306 418 394
47 3 "motorbike" 506 304 540 370
47 4 "car" 0 319 127 400
47 5 "car" 88 321 183 382
47 6 "car" 468 305 514 347
47 7 "motorbike" 570 305 588 346
47 8 "motorbike" 405 304 432 361
47 9 "car" 239 315 283 358
48 1 "bus" 642 76 1031 446
48 2 "car" 265 306 418 397
48 3 "motorbike" 507 304 541 370
48 4 "car" 0 320 127 380
48 5 "car" 88 321 183 382
48 6 "car" 468 304 514 346
48 7 "motorbike" 570 304 588 346
48 8 "motorbike" 406 304 434 361
48 9 "car" 239 315 283 359
49 1 "bus" 642 75 1035 446
49 2 "car" 265 306 418 396
49 3 "motorbike" 508 305 542 371
49 4 "car" 0 320 126 381
49 5 "car" 88 321 182 381
49 6 "car" 466 304 513 347
49 7 "motorbike" 569 304 588 346
49 8 "motorbike" 408 304 436 361
49 9 "car" 238 315 283 359
50 1 "bus" 642 74 1039 446
50 2 "car" 265 306 418 396
50 3 "motorbike" 508 306 542 372
50 4 "car" 0 320 126 383
50 5 "car" 89 321 182 381
50 6 "car" 465 304 513 348
50 7 "motorbike" 569 304 588 347
50 8 "motorbike" 410 304 438 361
50 9 "car" 238 315 283 360
51 1 "bus" 642 73 1043 446
51 2 "car" 265 306 418 396
51 3 "motorbike" 509 306 543 372
51 4 "car" 0 320 125 384
51 5 "car" 89 321 181 381
51 6 "car" 463 304 513 349
51 7 "motorbike" 569 304 588 348
51 8 "motorbike" 411 304 440 361
51 9 "car" 237 315 283 360
52 1 "bus" 642 72 1047 446
52 2 "car" 265 306 419 396
52 3 "motorbike" 510 307 544 373
52 4 "car" 0 320 125 386
52 5 "car" 90 321 181 380
52 6 "car" 462 304 513 350
52 7 "motorbike" 569 304 588 349
52 8 "motorbike" 413 304 442 361
52 9 "car" 237 315 283 361
53 1 "bus" 642 71 1052 446
53 2 "car" 265 306 419 396
53 3 "motorbike" 511 308 545 374
53 4 "car" 0 320 125 388
53 5 "car" 91 321 181 380
53 6 "car" 461 304 513 352
53 7 "motorbike" 569 304 589 350
53 8 "motorbike" 415 305 445 361
53 9 "car" 236 315 283 361
54 1 "bus" 642 67 1054 446
54 2 "car" 265 306 419 396
54 3 "motorbike" 512 306 546 373
54 4 "car" 0 320 131 397
54 5 "car" 91 321 180 380
54 6 "car" 459 303 512 351
54 7 "motorbike" 569 303 588 350
54 8 "motorbike" 416 304 448 361
54 9 "car" 236 315 283 362
55 1 "bus" 643 63 1056 447
55 2 "car" 265 306 420 396
55 3 "motorbike" 514 304 547 373
55 4 "car" 0 320 138 406
55 5 "car" 92 321 180 379
55 6 "car" 458 303 512 350
55 7 "motorbike" 569 303 588 350
55 8 "motorbike" 417 304 451 361
55 9 "car" 235 315 283 362
56 1 "bus" 643 59 1058 448
56 2 "car" 265 306 420 396
56 3 "motorbike" 515 302 549 372
56 4 "car" 0 320 144 415
56 5 "car" 92 321 179 379
56 6 "car" 456 302 511 350
56 7 "motorbike" 569 303 588 350
56 8 "motorbike" 418 303 454 361
56 9 "car" 235 315 283 363
57 1 "bus" 644 55 1060 449
57 2 "car" 265 306 420 396
57 3 "motorbike" 517 300 550 372
57 4 "car" 0 320 151 424
57 5 "car" 93 321 179 379
57 6 "car" 455 302 511 349
57 7 "motorbike" 569 303 588 350
57 8 "motorbike" 419 303 457 361
57 9 "car" 234 315 283 363
58 1 "bus" 645 52 1062 450
58 2 "car" 265 306 420 396
58 3 "motorbike" 519 299 552 372
58 4 "car" 0 320 158 434
58 5 "car" 94 321 179 379
58 6 "car" 454 302 511 349
58 7 "motorbike" 569 303 588 350
58 8 "motorbike" 421 303 461 361
58 9 "car" 234 315 283 364
59 1 "bus" 648 48 1069 446
59 2 "car" 265 306 421 396
59 3 "motorbike" 520 297 553 370
59 4 "car" 0 319 160 433
59 5 "car" 99 321 178 377
59 6 "car" 455 300 512 347
59 7 "motorbike" 569 301 588 349
59 8 "motorbike" 423 302 463 360
59 9 "car" 234 314 284 363
60 1 "bus" 652 45 1076 443
60 2 "car" 265 306 421 396
60 3 "motorbike" 521 296 554 369
60 4 "car" 0 318 163 432
60 5 "car" 104 321 178 375
60 6 "car" 457 299 514 346
60 7 "motorbike" 569 300 589 349
60 8 "motorbike" 426 301 466 359
60 9 "car" 235 313 285 362
61 1 "bus" 655 42 1083 439
61 2 "car" 265 306 421 396
61 3 "motorbike" 522 295 555 368
61 4 "car" 0 317 165 431
61 5 "car" 109 321 178 373
61 6 "car" 458 297 515 344
61 7 "motorbike" 569 299 590 349
61 8 "motorbike" 428 300 468 358
61 9 "car" 235 312 286 361
62 1 "bus" 659 39 1091 436
62 2 "car" 265 306 422 396
62 3 "motorbike" 523 294 556 367
62 4 "car" 0 317 168 430
62 5 "car" 115 321 178 371
62 6 "car" 460 296 517 343
62 7 "motorbike" 569 298 591 349
62 8 "motorbike" 431 300 471 358
62 9 "car" 236 311 287 360
63 1 "bus" 659 35 1096 438
63 2 "car" 266 304 423 394
63 3 "motorbike" 525 293 558 366
63 4 "car" 0 314 171 428
63 5 "car" 115 321 178 371
63 6 "car" 460 295 517 342
63 7 "motorbike" 570 297 592 348
63 8 "motorbike" 434 298 474 356
63 9 "car" 236 310 288 360
64 1 "bus" 659 31 1101 441
64 2 "car" 268 302 425 392
64 3 "motorbike" 527 293 560 366
64 4 "car" 0 312 175 426
64 5 "car" 115 321 178 371
64 6 "car" 461 295 518 342
64 7 "motorbike" 572 296 593 347
64 8 "motorbike" 437 297 477 355
64 9 "car" 237 309 289 359
65 1 "bus" 659 27 1106 443
65 2 "car" 270 300 427 390
65 3 "motorbike" 529 292 562 366
65 4 "car" 0 310 178 424
65 5 "car" 115 321 178 371
65 6 "car" 461 295 518 342
65 7 "motorbike" 573 295 594 346
65 8 "motorbike" 440 296 480 354
65 9 "car" 237 308 290 358
66 1 "bus" 659 24 1111 446
66 2 "car" 272 298 429 388
66 3 "motorbike" 531 292 564 366
66 4 "car" 0 308 182 422
66 5 "car" 115 321 178 371
66 6 "car" 462 295 519 342
66 7 "motorbike" 575 294 596 345
66 8 "motorbike" 444 295 484 353
66 9 "car" 238 307 291 357
67 1 "bus" 664 24 1116 446
67 2 "car" 273 297 430 387
67 3 "motorbike" 533 290 566 366
67 4 "car" 0 306 185 420
67 5 "car" 115 321 178 371
67 6 "car" 459 293 521 340
67 7 "motorbike" 576 294 597 345
67 8 "motorbike" 446 295 487 352
67 9 "car" 239 306 292 357
68 1 "bus" 670 24 1122 446
68 2 "car" 274 297 431 387
68 3 "motorbike" 535 288 569 366
68 4 "car" 1 304 189 418
68 5 "car" 115 321 178 371
68 6 "car" 457 292 523 339
68 7 "motorbike" 577 294 598 345
68 8 "motorbike" 449 295 490 352
68 9 "car" 240 304 293 355
69 1 "bus" 675 24 1127 446
69 2 "car" 275 296 432 386
69 3 "motorbike" 537 286 572 366
69 4 "car" 1 302 193 416
69 5 "car" 115 321 178 371
69 6 "car" 455 291 525 337
69 7 "motorbike" 578 294 599 345
69 8 "motorbike" 451 295 493 352
69 9 "car" 241 302 294 353
70 1 "bus" 681 25 1133 447
70 2 "car" 277 296 434 386
70 3 "motorbike" 539 284 575 366
70 4 "car" 2 300 197 414
70 5 "car" 115 321 178 371
70 6 "car" 453 290 527 336
70 7 "motorbike" 580 294 601 345
70 8 "motorbike" 454 295 496 352
70 9 "car" 243 300 296 351
71 1 "bus" 682 22 1138 448
71 2 "car" 279 296 436 386
71 3 "motorbike" 541 284 577 366
71 4 "car" 2 300 198 414
71 5 "car" 115 321 178 371
71 6 "car" 454 290 528 336
71 7 "motorbike" 580 294 601 345
71 8 "motorbike" 457 294 500 351
71 9 "car" 243 300 298 351
72 1 "bus" 683 19 1144 450
72 2 "car" 281 296 438 386
72 3 "motorbike" 543 285 579 367
72 4 "car" 2 300 200 414
72 5 "car" 115 321 178 371
72 6 "car" 455 291 529 337
72 7 "motorbike" 581 294 602 345
72 8 "motorbike" 460 294 505 351
72 9 "car" 244 301 300 352
73 1 "bus" 684 17 1150 452
73 2 "car" 283 296 440 386
73 3 "motorbike" 545 285 581 367
73 4 "car" 2 301 202 414
73 5 "car" 115 321 178 371
73 6 "car" 456 291 530 337
73 7 "motorbike" 582 294 603 345
73 8 "motorbike" 463 294 510 350
73 9 "car" 245 302 302 352
74 1 "bus" 685 14 1156 454
74 2 "car" 285 296 442 386
74 3 "motorbike" 547 286 583 368
74 4 "car" 2 301 204 414
74 5 "car" 115 321 178 371
74 6 "car" 457 292 531 338
74 7 "motorbike" 583 294 604 345
74 8 "motorbike" 466 294 515 350
74 9 "car" 246 302 304 353
75 1 "bus" 686 12 1162 456
75 2 "car" 287 297 444 387
75 3 "motorbike" 550 287 586 369
75 4 "car" 2 302 206 415
75 5 "car" 115 321 178 371
75 6 "car" 458 293 532 339 "involved accident"
75 7 "motorbike" 584 294 605 345
75 8 "motorbike" 469 294 520 350 "involved accident"
75 9 "car" 247 303 307 353
76 1 "bus" 692 10 1167 457
76 2 "car" 287 298 446 388
76 3 "motorbike" 554 288 590 370
76 4 "car" 1 302 209 414
76 5 "car" 115 321 178 371
76 6 "car" 458 293 531 340 "involved accident"
76 7 "motorbike" 584 294 605 345
76 8 "motorbike" 471 295 523 351 "involved accident"
76 9 "car" 248 304 309 354
77 1 "bus" 698 9 1173 459
77 2 "car" 288 299 448 389
77 3 "motorbike" 558 289 594 371
77 4 "car" 1 302 213 414
77 5 "car" 115 321 178 371
77 6 "car" 458 293 531 342 "involved accident"
77 7 "motorbike" 584 294 605 345
77 8 "motorbike" 474 297 526 352 "involved accident"
77 9 "car" 249 304 311 354
78 1 "bus" 704 7 1178 460
78 2 "car" 289 300 450 390
78 3 "motorbike" 562 290 598 372
78 4 "car" 1 302 217 414
78 5 "car" 115 321 178 371
78 6 "car" 458 293 531 344 "involved accident"
78 7 "motorbike" 584 294 605 345
78 8 "motorbike" 477 299 529 353 "involved accident"
78 9 "car" 250 305 313 355
79 1 "bus" 710 6 1184 462
79 2 "car" 290 302 452 391
79 3 "motorbike" 566 292 602 374
79 4 "car" 1 302 221 414
79 5 "car" 115 321 178 371
79 6 "car" 458 293 531 346 "involved accident"
79 7 "motorbike" 584 294 605 345
79 8 "motorbike" 480 301 533 355 "involved accident"
79 9 "car" 251 306 316 356
80 1 "bus" 709 4 1194 463
80 2 "car" 289 301 454 392
80 3 "motorbike" 569 292 605 375
80 4 "car" 1 302 222 415
80 5 "car" 115 321 178 371
80 6 "car" 458 294 531 347 "involved accident"
80 7 "motorbike" 584 294 605 345
80 8 "motorbike" 484 302 537 357 "involved accident"
80 9 "car" 252 306 317 357
81 1 "bus" 709 3 1205 464
81 2 "car" 289 301 457 394
81 3 "motorbike" 572 292 608 376
81 4 "car" 1 302 223 417
81 5 "car" 115 321 178 371
81 6 "car" 458 295 531 348 "involved accident"
81 7 "motorbike" 584 294 605 345
81 8 "motorbike" 489 303 542 359 "involved accident"
81 9 "car" 254 307 318 359
82 1 "bus" 709 1 1216 465
82 2 "car" 289 301 459 396
82 3 "motorbike" 575 292 611 377
82 4 "car" 1 302 224 418
82 5 "car" 115 321 178 371
82 6 "car" 459 296 532 349 "involved accident"
82 7 "motorbike" 584 294 605 345
82 8 "motorbike" 494 304 546 361 "involved accident"
82 9 "car" 255 308 319 361
83 1 "bus" 709 0 1227 467
83 2 "car" 289 301 462 398
83 3 "motorbike" 578 292 615 378
83 4 "car" 1 302 226 420
83 5 "car" 115 321 178 371
83 6 "car" 459 297 532 350 "involved accident"
83 7 "motorbike" 584 294 605 345
83 8 "motorbike" 499 306 551 363 "involved accident"
83 9 "car" 257 309 321 363
84 1 "bus" 709 0 1239 470
84 2 "car" 289 301 463 400
84 3 "motorbike" 579 293 616 379
84 4 "car" 0 304 228 422
84 5 "car" 115 321 178 371
84 6 "car" 459 298 532 351 "involved accident"
84 7 "motorbike" 584 294 605 345
84 8 "motorbike" 501 306 553 363 "involved accident"
84 9 "car" 257 309 321 363
85 1 "bus" 709 0 1251 474
85 2 "car" 289 302 465 402
85 3 "motorbike" 581 294 618 380
85 4 "car" 0 306 230 424
85 5 "car" 115 321 178 371
85 6 "car" 460 299 533 352 "involved accident"
85 7 "motorbike" 584 294 605 345
85 8 "motorbike" 504 306 555 364 "involved accident"
85 9 "car" 257 309 321 363
86 1 "bus" 709 0 1263 478
86 2 "car" 289 303 466 404
86 3 "motorbike" 582 295 619 381
86 4 "car" 0 308 232 426
86 5 "car" 115 321 178 371
86 6 "car" 460 300 533 353 "involved accident"
86 7 "motorbike" 584 294 605 345
86 8 "motorbike" 506 306 557 365 "involved accident"
86 9 "car" 258 309 322 363
87 1 "bus" 709 0 1276 482
87 2 "car" 290 304 468 407
87 3 "motorbike" 584 296 621 382
87 4 "car" 0 311 235 428
87 5 "car" 115 321 178 371
87 6 "car" 461 302 534 355 "involved accident"
87 7 "motorbike" 584 294 605 345
87 8 "motorbike" 509 307 560 366 "involved accident"
87 9 "car" 258 309 322 363
88 1 "bus" 714 0 1276 482
88 2 "car" 289 305 467 408
88 3 "motorbike" 586 296 623 382
88 4 "car" 0 310 235 427
88 5 "car" 115 321 178 371
88 6 "car" 461 302 533 355 "involved accident"
88 7 "motorbike" 584 294 605 345
88 8 "motorbike" 512 307 563 366 "involved accident"
88 9 "car" 258 309 322 363
89 1 "bus" 719 0 1276 482
89 2 "car" 288 306 466 409
89 3 "motorbike" 589 297 626 383
89 4 "car" 1 310 236 427
89 5 "car" 115 321 178 371
89 6 "car" 461 302 533 356 "involved accident"
89 7 "motorbike" 584 294 605 345
89 8 "motorbike" 515 308 566 366 "involved accident"
89 9 "car" 259 309 323 363
90 1 "bus" 724 0 1276 482
90 2 "car" 287 307 465 410
90 3 "motorbike" 592 298 629 384
90 4 "car" 2 310 237 427
90 5 "car" 115 321 178 371
90 6 "car" 461 302 533 357 "involved accident"
90 7 "motorbike" 584 294 605 345
90 8 "motorbike" 518 308 569 366 "involved accident"
90 9 "car" 259 309 323 363
91 1 "bus" 729 0 1276 482
91 2 "car" 287 308 464 411
91 3 "motorbike" 595 299 632 385
91 4 "car" 3 310 238 427
91 5 "car" 115 321 178 371
91 6 "car" 461 303 533 358 "involved accident"
91 7 "motorbike" 584 294 605 345
91 8 "motorbike" 521 309 572 367 "involved accident"
91 9 "car" 260 310 324 364
92 1 "bus" 733 0 1276 482
92 2 "car" 285 308 465 410
92 3 "motorbike" 596 299 633 385
92 4 "car" 3 310 237 426
92 5 "car" 115 321 178 371
92 6 "car" 461 303 532 358 "involved accident"
92 7 "motorbike" 584 294 605 345
92 8 "motorbike" 522 309 575 367 "involved accident"
92 9 "car" 260 310 324 364
93 1 "bus" 737 0 1276 482
93 2 "car" 284 308 466 410
93 3 "motorbike" 598 299 635 385
93 4 "car" 3 310 236 426
93 5 "car" 115 321 178 371
93 6 "car" 461 303 532 359 "involved accident"
93 7 "motorbike" 584 294 605 345
93 8 "motorbike" 524 309 579 368 "involved accident"
93 9 "car" 260 310 324 364
94 1 "bus" 741 0 1276 482
94 2 "car" 282 308 467 410
94 3 "motorbike" 599 299 636 385
94 4 "car" 3 310 235 426
94 5 "car" 115 321 178 371
94 6 "car" 461 303 532 359 "involved accident"
94 7 "motorbike" 584 294 605 345
94 8 "motorbike" 526 309 583 369 "involved accident"
94 9 "car" 260 310 324 364
95 1 "bus" 745 0 1276 482
95 2 "car" 281 308 469 410
95 3 "motorbike" 601 300 638 386
95 4 "car" 3 310 234 426
95 5 "car" 115 321 178 371
95 6 "car" 461 303 532 360 "involved accident"
95 7 "motorbike" 584 294 605 345
95 8 "motorbike" 528 309 587 370 "involved accident"
95 9 "car" 260 310 324 364
96 1 "bus" 745 0 1275 488
96 2 "car" 275 307 468 411
96 3 "motorbike" 602 299 640 387
96 4 "car" 3 310 233 426
96 5 "car" 115 321 178 371
96 6 "car" 459 303 531 361 "involved accident"
96 7 "motorbike" 584 294 605 345
96 8 "motorbike" 533 308 592 371 "involved accident"
96 9 "car" 260 310 324 364
97 1 "bus" 745 0 1275 494
97 2 "car" 270 306 467 412
97 3 "motorbike" 603 299 642 388
97 4 "car" 3 310 232 426
97 5 "car" 115 321 178 371
97 6 "car" 457 303 531 362 "involved accident"
97 7 "motorbike" 584 294 605 345
97 8 "motorbike" 538 308 598 372 "involved accident"
97 9 "car" 260 310 324 364
98 1 "bus" 745 0 1275 500
98 2 "car" 264 305 466 413
98 3 "motorbike" 604 298 644 389
98 4 "car" 3 310 231 426
98 5 "car" 115 321 178 371
98 6 "car" 455 303 531 363 "involved accident"
98 7 "motorbike" 584 294 605 345
98 8 "motorbike" 543 308 604 373 "involved accident"
98 9 "car" 260 310 324 364
99 1 "bus" 745 0 1275 506
99 2 "car" 259 305 466 415
99 3 "motorbike" 606 298 647 390
99 4 "car" 3 310 230 426
99 5 "car" 115 321 178 371
99 6 "car" 454 303 531 364 "involved accident"
99 7 "motorbike" 584 294 605 345
99 8 "motorbike" 548 308 610 374 "involved accident"
99 9 "car" 260 310 324 364
100 1 "bus" 745 0 1275 506
100 2 "car" 259 305 466 415
100 3 "motorbike" 606 298 647 390
100 4 "car" 3 310 230 426
100 5 "car" 115 321 178 371
100 6 "car" 454 303 531 364 "involved accident"
100 7 "motorbike" 584 294 605 345
100 8 "motorbike" 548 308 610 374 "involved accident"
100 9 "car" 260 310 324 364
