1 1 "motorbike" 656 412 730 580
1 2 "car" 409 439 537 537
1 3 "car" 549 443 602 483
1 4 "motorbike" 615 439 636 487
1 5 "car" 711 432 822 490
2 1 "motorbike" 656 411 730 579
2 2 "car" 407 438 535 536
2 3 "car" 548 443 601 483
2 4 "motorbike" 614 438 635 486
2 5 "car" 711 431 826 490
3 1 "motorbike" 657 411 731 578
3 2 "car" 405 438 534 536
3 3 "car" 547 443 601 483
3 4 "motorbike" 613 438 634 486
3 5 "car" 712 430 831 491
4 1 "motorbike" 658 411 732 577
4 2 "car" 404 438 532 536
4 3 "car" 547 443 600 483
4 4 "motorbike" 613 438 634 486
4 5 "car" 713 430 835 491
5 1 "motorbike" 659 411 733 576
5 2 "car" 402 438 531 536
5 3 "car" 546 443 600 483
5 4 "motorbike" 612 438 633 486
5 5 "car" 714 429 840 492
6 1 "motorbike" 660 410 734 575
6 2 "car" 401 438 530 536
6 3 "car" 546 443 599 483
6 4 "motorbike" 612 437 633 485
6 5 "car" 715 428 845 492
7 1 "motorbike" 661 410 735 574
7 2 "car" 399 438 528 536
7 3 "car" 545 443 599 483
7 4 "motorbike" 611 437 632 485
7 5 "car" 716 428 849 493
8 1 "motorbike" 662 410 736 573
8 2 "car" 398 438 527 536
8 3 "car" 545 443 598 483
8 4 "motorbike" 610 437 631 485
8 5 "car" 717 427 854 493
9 1 "motorbike" 663 410 737 572
9 2 "car" 396 437 525 536
9 3 "car" 544 443 598 483
9 4 "motorbike" 610 437 631 485
9 5 "car" 718 427 858 494
10 1 "motorbike" 664 409 738 571
10 2 "car" 394 437 524 536
10 3 "car" 544 443 597 483
10 4 "motorbike" 609 437 630 485
10 5 "car" 719 426 863 494
11 1 "motorbike" 665 409 739 570
11 2 "car" 393 437 523 536
11 3 "car" 543 443 597 483
11 4 "motorbike" 609 436 630 484
11 5 "car" 720 425 868 495
12 1 "motorbike" 666 409 739 569
12 2 "car" 391 437 521 536
12 3 "car" 543 443 596 483
12 4 "motorbike" 608 436 629 484
12 5 "car" 720 425 872 495
13 1 "motorbike" 667 409 740 568
13 2 "car" 390 437 520 536
13 3 "car" 542 443 596 483
13 4 "motorbike" 608 436 629 484
13 5 "car" 721 424 877 496
14 1 "motorbike" 668 408 741 567
14 2 "car" 388 437 519 536
14 3 "car" 542 443 595 483
14 4 "motorbike" 607 436 628 484
14 5 "car" 722 423 882 496
15 1 "motorbike" 669 408 742 566
15 2 "car" 387 437 517 536
15 3 "car" 541 443 595 483
15 4 "motorbike" 606 436 627 484
15 5 "car" 723 423 886 497
16 1 "motorbike" 670 408 743 565
16 2 "car" 385 436 516 536
16 3 "car" 541 443 594 483
16 4 "motorbike" 606 435 627 483
16 5 "car" 724 422 891 497
17 1 "motorbike" 671 408 744 564
17 2 "car" 383 436 514 536
17 3 "car" 540 443 594 483
17 4 "motorbike" 605 435 626 483
17 5 "car" 725 422 895 498
18 1 "motorbike" 672 407 745 563
18 2 "car" 382 436 513 536
18 3 "car" 540 443 593 483
18 4 "motorbike" 605 435 626 483
18 5 "car" 726 421 900 498
19 1 "motorbike" 673 407 746 562
19 2 "car" 380 436 512 536
19 3 "car" 539 443 593 483
19 4 "motorbike" 604 435 625 483
19 5 "car" 727 420 905 499
20 1 "motorbike" 674 407 747 561
20 2 "car" 379 436 510 536
20 3 "car" 539 443 593 483
20 4 "motorbike" 604 435 625 483
20 5 "car" 728 420 909 499
21 1 "motorbike" 675 407 748 560
21 2 "car" 377 436 509 536
21 3 "car" 538 443 592 483
21 4 "motorbike" 603 435 624 483
21 5 "car" 729 419 914 500
22 1 "motorbike" 676 407 749 560
22 2 "car" 376 436 508 536
22 3 "car" 537 443 591 483
22 4 "motorbike" 602 435 623 483
22 5 "car" 730 419 919 501
23 1 "motorbike" 676 408 749 560
23 2 "car" 373 436 506 537
23 3 "car" 537 443 591 483
23 4 "motorbike" 602 435 623 483
23 5 "car" 732 418 928 502
24 1 "motorbike" 676 409 749 560
24 2 "car" 370 437 505 538
24 3 "car" 536 443 590 483
24 4 "motorbike" 601 436 622 484
24 5 "car" 735 418 937 504
25 1 "motorbike" 676 410 749 560
25 2 "car" 368 437 504 539
25 3 "car" 536 444 590 484
25 4 "motorbike" 601 436 622 484
25 5 "car" 738 417 947 505
26 1 "motorbike" 677 412 750 560
26 2 "car" 365 438 502 540
26 3 "car" 535 444 589 484
26 4 "motorbike" 600 436 621 484
26 5 "car" 741 417 956 507
27 1 "motorbike" 677 413 750 560
27 2 "car" 363 439 501 541
27 3 "car" 535 444 589 484
27 4 "motorbike" 600 437 621 485
27 5 "car" 744 416 965 509
28 1 "motorbike" 677 414 750 561
28 2 "car" 360 439 500 543
28 3 "car" 534 444 588 484
28 4 "motorbike" 599 437 620 485
28 5 "car" 746 416 975 510
29 1 "motorbike" 677 415 750 561
29 2 "car" 358 440 499 544
29 3 "car" 534 445 588 485
29 4 "motorbike" 599 437 620 485
29 5 "car" 749 415 984 512
30 1 "motorbike" 678 417 751 561
30 2 "car" 355 441 497 545
30 3 "car" 533 445 587 485
30 4 "motorbike" 598 438 619 486
30 5 "car" 752 415 993 514
31 1 "motorbike" 678 418 751 561
31 2 "car" 353 441 496 546
31 3 "car" 533 445 587 485
31 4 "motorbike" 598 438 619 486
31 5 "car" 755 414 1003 515
32 1 "motorbike" 678 419 751 561
32 2 "car" 350 442 495 547
32 3 "car" 532 445 586 485
32 4 "motorbike" 597 438 618 486
32 5 "car" 758 414 1012 517
33 1 "motorbike" 679 421 752 562
33 2 "car" 348 443 494 549
33 3 "car" 532 446 586 486
33 4 "motorbike" 597 439 618 487
33 5 "car" 761 414 1022 519
33 6 "car" 479 447 525 479
34 1 "motorbike" 678 421 750 561
34 2 "car" 344 442 492 549
34 3 "car" 531 445 585 485
34 4 "motorbike" 595 438 616 486
34 5 "car" 767 412 1036 520
34 6 "car" 477 446 524 478
35 1 "motorbike" 677 421 748 560
35 2 "car" 341 441 490 549
35 3 "car" 530 445 584 485
35 4 "motorbike" 594 438 615 486
35 5 "car" 773 410 1051 522
35 6 "car" 476 445 523 478
36 1 "motorbike" 677 421 747 559
36 2 "car" 338 440 488 550
36 3 "car" 529 444 583 484
36 4 "motorbike" 593 438 614 486
36 5 "car" 780 408 1065 524
36 6 "car" 475 445 523 477
37 1 "motorbike" 676 421 745 559
37 2 "car" 335 440 486 550
37 3 "car" 528 444 582 484
37 4 "motorbike" 592 438 613 485
37 5 "car" 786 406 1080 526
37 6 "car" 474 444 522 477
38 1 "motorbike" 675 421 744 558
38 2 "car" 331 439 484 550
38 3 "car" 527 443 581 483
38 4 "motorbike" 591 438 612 485
38 5 "car" 792 404 1094 528
38 6 "car" 473 443 521 476
39 1 "motorbike" 675 421 742 557
39 2 "car" 328 438 482 551
39 3 "car" 526 443 580 483
39 4 "motorbike" 590 438 611 485
39 5 "car" 799 402 1109 530
39 6 "car" 472 443 521 476
40 1 "motorbike" 674 421 740 556
40 2 "car" 325 437 480 551
40 3 "car" 525 443 579 483
40 4 "motorbike" 588 437 610 484
40 5 "car" 805 400 1123 532
40 6 "car" 471 442 520 476
41 1 "motorbike" 673 421 739 556
41 2 "car" 322 437 478 551
41 3 "car" 524 442 578 482
41 4 "motorbike" 587 437 609 484
41 5 "car" 811 398 1138 534
41 6 "car" 470 441 519 475
42 1 "motorbike" 673 421 737 555
42 2 "car" 318 436 476 552
42 3 "car" 523 442 577 482
42 4 "motorbike" 586 437 608 484
42 5 "car" 818 396 1152 536
42 6 "car" 469 441 519 475
43 1 "motorbike" 672 421 736 554
43 2 "car" 315 435 474 552
43 3 "car" 522 441 576 481
43 4 "motorbike" 585 437 607 483
43 5 "car" 824 394 1167 538
43 6 "car" 468 440 518 474
44 1 "motorbike" 671 421 734 553
44 2 "car" 312 434 472 552
44 3 "car" 521 441 575 481
44 4 "motorbike" 584 437 606 483
44 5 "car" 830 392 1181 540
44 6 "car" 467 439 517 474
45 1 "motorbike" 671 421 733 553
45 2 "car" 309 434 471 553
45 3 "car" 521 441 575 481
45 4 "motorbike" 583 437 605 483
45 5 "car" 837 390 1196 542
45 6 "car" 466 439 517 474
46 1 "motorbike" 669 419 731 551
46 2 "car" 305 433 468 553
46 3 "car" 519 439 573 479
46 4 "motorbike" 581 436 603 482
46 5 "car" 849 385 1209 546
46 6 "car" 465 438 516 473
47 1 "motorbike" 667 418 729 550
47 2 "car" 301 432 465 553
47 3 "car" 518 438 572 478
47 4 "motorbike" 579 435 601 481
47 5 "car" 861 381 1222 550
47 6 "car" 464 438 515 473
48 1 "motorbike" 665 417 727 549
48 2 "car" 297 432 463 553
48 3 "car" 517 437 571 477
48 4 "motorbike" 578 435 600 481
48 5 "car" 873 377 1235 554
48 6 "car" 464 438 515 472
49 1 "motorbike" 663 416 725 548
49 2 "car" 293 431 460 553
49 3 "car" 516 436 570 476
49 4 "motorbike" 576 434 598 480
49 5 "car" 885 372 1248 558
49 6 "car" 463 437 514 472
50 1 "motorbike" 661 415 723 547
50 2 "car" 289 430 457 553
50 3 "car" 515 435 569 475
50 4 "motorbike" 574 433 596 479
50 5 "car" 897 368 1261 562
50 6 "car" 462 437 513 471
51 1 "motorbike" 660 414 722 546
51 2 "car" 285 430 455 553
51 3 "car" 514 434 568 474
51 4 "motorbike" 573 433 595 479
51 5 "car" 910 364 1275 566
51 6 "car" 462 437 513 471
52 1 "motorbike" 657 414 719 546
52 2 "car" 281 430 453 554
52 3 "car" 513 434 567 474
52 4 "motorbike" 572 433 594 479
52 5 "car" 929 364 1275 571
52 6 "car" 461 437 512 471
53 1 "motorbike" 655 414 717 546
53 2 "car" 277 430 451 555
53 3 "car" 513 434 567 474
53 4 "motorbike" 571 433 593 479
53 5 "car" 948 364 1275 577
53 6 "car" 461 438 512 472
54 1 "motorbike" 652 415 714 547
54 2 "car" 273 430 449 556
54 3 "car" 512 434 567 474
54 4 "motorbike" 571 433 593 479
54 5 "car" 967 364 1275 582
54 6 "car" 461 438 511 472
55 1 "motorbike" 650 415 712 547
55 2 "car" 269 430 447 557
55 3 "car" 512 434 567 475
55 4 "motorbike" 570 433 592 479
55 5 "car" 986 364 1275 588
55 6 "car" 461 439 511 473
56 1 "motorbike" 648 415 710 547
56 2 "car" 265 430 445 558
56 3 "car" 511 434 567 475
56 4 "motorbike" 569 433 591 479
56 5 "car" 1005 364 1275 593
56 6 "car" 460 439 511 473
57 1 "motorbike" 645 416 707 548
57 2 "car" 261 430 443 559
57 3 "car" 511 434 567 475
57 4 "motorbike" 569 433 591 479
57 5 "car" 1024 364 1275 599
57 6 "car" 460 440 510 474
58 1 "motorbike" 643 416 705 548
58 2 "car" 257 430 441 560
58 3 "car" 510 434 567 475
58 4 "motorbike" 568 433 590 479
58 5 "car" 1043 364 1275 604
58 6 "car" 460 440 510 474
59 1 "motorbike" 641 417 703 549
59 2 "car" 254 430 439 562
59 3 "car" 510 434 567 476
59 4 "motorbike" 568 433 590 479
59 5 "car" 1063 364 1276 610
59 6 "car" 460 441 510 475
60 1 "motorbike" 641 419 701 549
60 2 "car" 249 432 436 563
60 3 "car" 510 436 567 478
60 4 "motorbike" 567 434 589 480
60 5 "car" 1095 389 1276 619
60 6 "car" 459 442 509 476
61 1 "motorbike" 641 421 699 549
61 2 "car" 245 434 434 565
61 3 "car" 510 438 567 480
61 4 "motorbike" 566 435 588 481
61 5 "car" 1127 415 1276 628
61 6 "car" 459 443 509 477
62 1 "motorbike" 641 423 698 549
62 2 "car" 241 436 432 567
62 3 "car" 511 440 568 482
62 4 "motorbike" 566 436 588 482
62 5 "car" 1160 440 1276 637
62 6 "car" 459 445 509 479
63 1 "motorbike" 641 425 696 549
63 2 "car" 237 438 430 569
63 3 "car" 511 442 568 484
63 4 "motorbike" 565 437 587 483
63 5 "car" 1192 466 1276 646
63 6 "car" 459 446 509 480
64 1 "motorbike" 641 428 695 550
64 2 "car" 233 440 428 571
64 3 "car" 512 445 569 487
64 4 "motorbike" 565 439 587 485
64 6 "car" 459 448 509 482
65 1 "motorbike" 639 427 694 549
65 2 "car" 227 438 425 571
65 3 "car" 512 444 569 486
65 4 "motorbike" 565 439 587 485
65 6 "car" 460 447 510 481
66 1 "motorbike" 638 426 693 548
66 2 "car" 222 437 423 571
66 3 "car" 512 443 569 485
66 4 "motorbike" 565 439 587 485
66 6 "car" 461 446 511 480
67 1 "motorbike" 637 425 692 547
67 2 "car" 217 436 421 571
67 3 "car" 513 442 570 484
67 4 "motorbike" 565 440 587 486
67 6 "car" 462 446 512 480
68 1 "motorbike" 636 424 691 546
68 2 "car" 211 435 419 571
68 3 "car" 513 441 570 483
68 4 "motorbike" 565 440 587 486
68 6 "car" 463 445 513 479
69 1 "motorbike" 635 423 690 545
69 2 "car" 206 434 417 571
69 3 "car" 514 440 571 482
69 4 "motorbike" 565 441 587 487
69 6 "car" 464 445 514 479
70 1 "motorbike" 634 422 689 544
70 2 "car" 201 433 415 571
70 3 "car" 514 439 571 481
70 4 "motorbike" 565 441 587 487
70 6 "car" 465 444 515 478
71 1 "motorbike" 633 421 688 543
71 2 "car" 196 432 413 572
71 3 "car" 515 439 572 481
71 4 "motorbike" 565 441 587 487
71 6 "car" 466 444 516 478
71 7 "car" 428 441 480 478
72 1 "motorbike" 632 421 686 542
72 2 "car" 190 432 410 574
72 3 "car" 515 440 572 482
72 4 "motorbike" 565 442 587 488
72 6 "car" 466 444 516 478
72 7 "car" 427 441 479 479
73 1 "motorbike" 631 422 685 541
73 2 "car" 184 433 408 577
73 3 "car" 516 441 573 483
73 4 "motorbike" 565 442 587 488
73 6 "car" 466 445 516 479
73 7 "car" 426 442 478 480
74 1 "motorbike" 630 422 683 541
74 2 "car" 179 433 405 580
74 3 "car" 516 442 573 484
74 4 "motorbike" 565 443 587 489
74 6 "car" 467 446 517 480
74 7 "car" 425 443 477 481
75 1 "motorbike" 629 423 682 540
75 2 "car" 173 434 403 583
75 3 "car" 517 443 574 485
75 4 "motorbike" 565 443 587 489
75 6 "car" 467 447 517 481
75 7 "car" 424 444 476 482
76 1 "motorbike" 628 423 681 539
76 2 "car" 167 435 401 586
76 3 "car" 518 444 575 486
76 4 "motorbike" 565 443 587 489
76 6 "car" 467 447 517 481
76 7 "car" 423 445 475 483
77 1 "motorbike" 627 424 679 539
77 2 "car" 162 435 398 589
77 3 "car" 518 445 575 487
77 4 "motorbike" 565 444 587 490
77 6 "car" 468 448 518 482
77 7 "car" 422 446 474 484
78 1 "motorbike" 626 424 678 538
78 2 "car" 156 436 396 592
78 3 "car" 519 446 576 488
78 4 "motorbike" 565 444 587 490
78 6 "car" 468 449 518 483
78 7 "car" 421 447 473 485
79 1 "motorbike" 626 425 677 538
79 2 "car" 151 437 394 595
79 3 "car" 520 447 577 489
79 4 "motorbike" 565 445 587 491
79 6 "car" 469 450 519 484
79 7 "car" 421 448 473 486
80 1 "motorbike" 625 424 676 537
80 2 "car" 143 436 391 597
80 3 "car" 520 446 577 488 "involved accident"
80 4 "motorbike" 565 445 587 491 "involved accident"
80 6 "car" 469 449 519 483
80 7 "car" 419 447 471 486
81 1 "motorbike" 625 424 676 537
81 2 "car" 135 435 388 599
81 3 "car" 520 445 577 488 "involved accident"
81 4 "motorbike" 565 445 587 491 "involved accident"
81 6 "car" 469 449 519 483
81 7 "car" 418 447 470 486
82 1 "motorbike" 624 424 675 537
82 2 "car" 128 434 385 601
82 3 "car" 521 445 578 487 "involved accident"
82 4 "motorbike" 565 445 587 491 "involved accident"
82 6 "car" 469 448 519 482
82 7 "car" 417 447 468 486
83 1 "motorbike" 624 424 675 537
83 2 "car" 120 434 382 603
83 3 "car" 521 444 578 487 "involved accident"
83 4 "motorbike" 565 445 587 491 "involved accident"
83 6 "car" 469 448 519 482
83 7 "car" 416 446 467 486
84 1 "motorbike" 624 423 675 536
84 2 "car" 113 433 379 605
84 3 "car" 522 443 579 487 "involved accident"
84 4 "motorbike" 565 445 587 491 "involved accident"
84 6 "car" 470 447 520 481
84 7 "car" 414 446 465 486
85 1 "motorbike" 623 423 674 536
85 2 "car" 105 432 376 607
85 3 "car" 522 443 579 486 "involved accident"
85 4 "motorbike" 565 445 587 491 "involved accident"
85 6 "car" 470 447 520 481
85 7 "car" 413 446 464 486
86 1 "motorbike" 623 423 674 536
86 2 "car" 98 432 373 609
86 3 "car" 523 442 580 486 "involved accident"
86 4 "motorbike" 565 445 587 491 "involved accident"
86 6 "car" 470 446 520 480
86 7 "car" 412 446 463 486
87 1 "motorbike" 623 423 674 536
87 2 "car" 90 431 370 611
87 3 "car" 523 441 580 486 "involved accident"
87 4 "motorbike" 565 445 587 491 "involved accident"
87 6 "car" 470 446 520 480
87 7 "car" 411 445 461 486
88 1 "motorbike" 622 423 673 536
88 2 "car" 82 430 367 613
88 3 "car" 523 441 580 485 "involved accident"
88 4 "motorbike" 565 445 587 491 "involved accident"
88 6 "car" 470 445 520 479
88 7 "car" 410 445 460 486
89 1 "motorbike" 622 422 673 535
89 2 "car" 75 429 364 615
89 3 "car" 524 440 581 485 "involved accident"
89 4 "motorbike" 565 445 587 491 "involved accident"
89 6 "car" 471 445 521 479
89 7 "car" 408 445 458 486
90 1 "motorbike" 622 422 673 535
90 2 "car" 67 429 361 617
90 3 "car" 524 439 581 485 "involved accident"
90 4 "motorbike" 565 445 587 491 "involved accident"
90 6 "car" 471 444 521 478
90 7 "car" 407 444 457 486
91 1 "motorbike" 621 422 672 535
91 2 "car" 60 428 358 619
91 3 "car" 525 439 582 484 "involved accident"
91 4 "motorbike" 565 445 587 491 "involved accident"
91 6 "car" 471 444 521 478
91 7 "car" 406 444 455 486
92 1 "motorbike" 621 422 672 535
92 2 "car" 52 427 355 621
92 3 "car" 525 438 582 484 "involved accident"
92 4 "motorbike" 565 445 587 491 "involved accident"
92 6 "car" 471 443 521 477
92 7 "car" 405 444 454 486
93 1 "motorbike" 621 422 672 535
93 2 "car" 45 427 353 624
93 3 "car" 526 438 583 484 "involved accident"
93 4 "motorbike" 565 445 587 491 "involved accident"
93 6 "car" 472 443 522 477
93 7 "car" 404 444 453 486
93 8 "car" 362 436 402 483
94 1 "motorbike" 621 422 672 535
94 2 "car" 38 426 350 627
94 3 "car" 526 438 583 484 "involved accident"
94 4 "motorbike" 565 445 587 491 "involved accident"
94 6 "car" 472 443 522 477
94 7 "car" 403 444 452 486
94 8 "car" 361 435 401 482
95 1 "motorbike" 622 422 673 535
95 2 "car" 32 426 348 631
95 3 "car" 527 438 584 484 "involved accident"
95 4 "motorbike" 565 445 587 491 "involved accident"
95 6 "car" 473 443 523 477
95 7 "car" 402 444 451 486
95 8 "car" 360 435 400 482
96 1 "motorbike" 623 422 674 535
96 2 "car" 26 425 346 635
96 3 "car" 528 438 585 484 "involved accident"
96 4 "motorbike" 565 445 587 491 "involved accident"
96 6 "car" 473 443 523 477
96 7 "car" 401 444 450 486
96 8 "car" 360 435 400 482
97 1 "motorbike" 624 422 675 535
97 2 "car" 19 425 344 638
97 3 "car" 528 438 585 484 "involved accident"
97 4 "motorbike" 565 445 587 491 "involved accident"
97 6 "car" 474 443 524 477
97 7 "car" 400 444 449 486
97 8 "car" 359 435 399 482
98 1 "motorbike" 625 422 676 535
98 2 "car" 13 424 342 642
98 3 "car" 529 438 586 484 "involved accident"
98 4 "motorbike" 565 445 587 491 "involved accident"
98 6 "car" 474 443 524 477
98 7 "car" 399 444 448 486
98 8 "car" 359 435 399 482
99 1 "motorbike" 626 422 677 535
99 2 "car" 7 424 340 646
99 3 "car" 530 438 587 484 "involved accident"
99 4 "motorbike" 565 445 587 491 "involved accident"
99 6 "car" 475 443 525 477
99 7 "car" 398 444 447 486
99 8 "car" 358 435 398 482
100 1 "motorbike" 627 422 678 535
100 2 "car" 1 424 338 650
100 3 "car" 531 438 588 484 "involved accident"
100 4 "motorbike" 565 445 587 491 "involved accident"
100 6 "car" 476 443 526 477
100 7 "car" 398 444 447 486
100 8 "car" 358 435 398 482
