1 1 "car" 514 316 620 433
1 2 "car" 704 331 811 400
1 3 "car" 462 333 519 380
1 4 "car" 609 318 655 396
1 9 "car" 909 306 1079 412
2 1 "car" 513 316 619 433
2 2 "car" 704 331 812 400
2 3 "car" 460 332 518 380
2 4 "car" 608 317 654 395
2 9 "car" 915 303 1089 413
3 1 "car" 513 316 619 433
3 2 "car" 705 331 814 400
3 3 "car" 459 332 517 380
3 4 "car" 608 317 654 395
3 9 "car" 922 301 1100 414
4 1 "car" 512 316 618 433
4 2 "car" 706 331 815 400
4 3 "car" 458 332 517 381
4 4 "car" 608 317 654 395
4 9 "car" 929 298 1111 415
5 1 "car" 512 316 618 433
5 2 "car" 707 331 817 400
5 3 "car" 457 332 516 381
5 4 "car" 608 317 654 395
5 9 "car" 936 296 1122 416
6 1 "car" 512 316 618 433
6 2 "car" 708 331 818 400
6 3 "car" 456 332 516 381
6 4 "car" 608 316 654 395
6 9 "car" 943 294 1133 417
7 1 "car" 511 316 617 433
7 2 "car" 709 331 820 400
7 3 "car" 455 331 515 382
7 4 "car" 608 316 654 395
7 9 "car" 950 291 1144 419
8 1 "car" 511 316 617 433
8 2 "car" 710 331 822 400
8 3 "car" 454 331 515 382
8 4 "car" 608 316 653 394
8 9 "car" 957 289 1155 420
9 1 "car" 511 316 617 433
9 2 "car" 711 331 823 400
9 3 "car" 452 331 514 383
9 4 "car" 608 316 653 394
9 9 "car" 964 287 1166 421
10 1 "car" 510 316 616 433
10 2 "car" 712 331 825 400
10 3 "car" 451 331 514 383
10 4 "car" 608 316 653 394
10 9 "car" 971 284 1177 422
11 1 "car" 510 316 616 433
11 2 "car" 712 331 826 400
11 3 "car" 450 331 513 383
11 4 "car" 608 315 653 394
11 9 "car" 978 282 1188 423
12 1 "car" 510 316 616 433
12 2 "car" 713 331 828 400
12 3 "car" 449 331 513 384
12 4 "car" 608 315 653 394
12 9 "car" 985 280 1199 425
13 1 "car" 509 316 615 433
13 2 "car" 714 331 829 400
13 3 "car" 448 330 512 384
13 4 "car" 608 315 653 394
13 9 "car" 996 279 1209 428
14 1 "car" 509 316 615 433
14 2 "car" 715 331 831 400
14 3 "car" 447 330 512 385
14 4 "car" 608 315 652 393
14 9 "car" 1008 279 1219 432
15 1 "car" 508 316 614 433
15 2 "car" 716 331 833 401
15 3 "car" 446 330 511 385
15 4 "car" 608 315 652 393
15 9 "car" 1019 278 1229 436
16 1 "car" 508 316 614 433
16 2 "car" 717 331 834 401
16 3 "car" 444 330 510 385
16 4 "car" 608 314 652 393
16 9 "car" 1031 278 1239 440
17 1 "car" 508 316 614 433
17 2 "car" 718 331 836 401
17 3 "car" 443 330 510 386
17 4 "car" 608 314 652 393
17 9 "car" 1042 278 1249 444
18 1 "car" 507 316 613 433
18 2 "car" 719 331 837 401
18 3 "car" 442 329 509 386
18 4 "car" 608 314 652 393
18 9 "car" 1054 277 1259 448
19 1 "car" 507 316 613 433
19 2 "car" 720 331 839 401
19 3 "car" 441 329 509 387
19 4 "car" 608 314 652 393
19 9 "car" 1065 277 1269 452
20 1 "car" 507 316 613 433
20 2 "car" 720 331 840 401
20 3 "car" 440 329 508 387
20 4 "car" 608 314 652 393
21 1 "car" 506 316 612 433
21 2 "car" 721 331 842 401
21 3 "car" 439 329 508 387
21 4 "car" 607 314 651 392
22 1 "car" 506 316 612 433
22 2 "car" 722 331 844 401
22 3 "car" 438 329 507 388
22 4 "car" 607 315 651 392
23 1 "car" 506 316 612 433
23 2 "car" 723 331 845 401
23 3 "car" 436 329 507 388
23 4 "car" 607 315 651 392
24 1 "car" 505 316 611 433
24 2 "car" 724 331 847 401
24 3 "car" 435 328 506 389
24 4 "car" 607 316 651 391
25 1 "car" 505 316 611 433
25 2 "car" 725 331 848 401
25 3 "car" 434 328 506 389
25 4 "car" 607 316 650 391
26 1 "car" 504 316 610 433
26 2 "car" 726 331 850 401
26 3 "car" 433 328 505 389
26 4 "car" 606 317 650 391
27 1 "car" 504 316 610 433
27 2 "car" 727 331 851 401
27 3 "car" 432 328 505 390
27 4 "car" 606 318 650 391
28 1 "car" 504 316 610 433
28 2 "car" 728 331 853 401
28 3 "car" 431 328 504 390
28 4 "car" 606 318 650 390
29 1 "car" 503 316 609 433
29 2 "car" 729 332 855 402
29 3 "car" 430 328 504 391
29 4 "car" 606 319 650 390
29 5 "person" 1125 242 1269 525
29 6 "motorbike" 1058 344 1261 607
30 1 "car" 503 316 609 433
30 2 "car" 729 331 848 402
30 3 "car" 427 328 503 391
30 4 "car" 606 319 649 390
30 5 "person" 1088 247 1228 521
30 6 "motorbike" 1029 352 1227 604
31 1 "car" 503 316 609 433
31 2 "car" 729 331 841 402
31 3 "car" 425 328 503 391
31 4 "car" 605 320 649 389
31 5 "person" 1052 252 1188 517
31 6 "motorbike" 1001 360 1193 601
32 1 "car" 502 316 608 433
32 2 "car" 729 331 835 402
32 3 "car" 423 328 503 391
32 4 "car" 605 321 649 389
32 5 "person" 1016 257 1148 514
32 6 "motorbike" 973 368 1160 598
33 1 "car" 502 316 608 433
33 2 "car" 729 331 828 402
33 3 "car" 420 329 502 391
33 4 "car" 605 321 649 389
33 5 "person" 980 262 1107 510
33 6 "motorbike" 945 377 1126 595
33 10 "car" 8 274 247 408
33 11 "car" 320 346 377 391
34 1 "car" 502 316 608 433
34 2 "car" 729 330 822 402
34 3 "car" 418 329 502 392
34 4 "car" 605 322 648 389
34 5 "person" 944 267 1067 507
34 6 "motorbike" 917 385 1093 592
34 10 "car" 6 273 238 407
34 11 "car" 314 345 371 390
35 1 "car" 501 316 607 433
35 2 "car" 729 330 815 402
35 3 "car" 416 329 502 392
35 4 "car" 605 322 648 388
35 5 "person" 908 272 1027 503
35 6 "motorbike" 889 393 1059 589
35 10 "car" 5 273 229 407
35 11 "car" 309 345 366 390
36 1 "car" 501 316 607 433
36 2 "car" 729 330 809 402
36 3 "car" 413 329 501 392
36 4 "car" 604 323 648 388
36 5 "person" 872 277 987 500
36 6 "motorbike" 861 401 1026 586
36 10 "car" 4 272 220 406
36 11 "car" 304 345 361 390
37 1 "car" 500 316 606 433
37 2 "car" 729 330 802 402
37 3 "car" 411 330 501 392
37 4 "car" 604 323 648 388
37 5 "person" 836 282 946 496
37 6 "motorbike" 833 410 992 583
37 10 "car" 2 272 211 406
37 11 "car" 299 344 356 389
38 1 "car" 500 316 606 433
38 2 "car" 729 330 796 402
38 3 "car" 409 330 501 392
38 4 "car" 604 324 648 387
38 5 "person" 800 287 906 493
38 6 "motorbike" 805 418 959 580
38 10 "car" 1 271 202 405
38 11 "car" 294 344 351 389
39 1 "car" 500 316 606 433
39 2 "car" 748 329 814 402
39 3 "car" 406 330 500 393
39 4 "car" 604 325 647 387
39 5 "person" 764 292 866 489
39 6 "motorbike" 777 426 925 577
39 11 "car" 289 344 346 389
40 1 "car" 499 316 605 433
40 2 "car" 768 329 832 402
40 3 "car" 404 330 500 393
40 4 "car" 604 325 647 387
40 5 "person" 728 298 826 486
40 6 "motorbike" 749 435 892 575
40 11 "car" 280 345 339 390
41 1 "car" 499 316 605 433
41 2 "car" 788 329 850 402
41 3 "car" 402 331 500 393
41 4 "car" 603 326 647 387
41 5 "person" 707 299 801 480
41 6 "motorbike" 724 431 862 568
41 11 "car" 271 347 333 391
42 1 "car" 499 316 605 433
42 2 "car" 773 329 852 403
42 3 "car" 399 331 499 393
42 4 "car" 603 326 647 386
42 5 "person" 686 300 777 474
42 6 "motorbike" 700 427 833 562
42 11 "car" 262 348 327 393
43 1 "car" 498 316 604 433
43 2 "car" 758 329 855 404
43 3 "car" 397 331 499 393
43 4 "car" 603 327 647 386
43 5 "person" 666 301 753 468
43 6 "motorbike" 675 423 803 555
43 11 "car" 254 350 321 394
44 1 "car" 498 316 604 433
44 2 "car" 743 329 858 405
44 3 "car" 395 331 499 394
44 4 "car" 603 328 646 386
44 5 "person" 645 303 729 463
44 6 "motorbike" 651 419 774 549
44 11 "car" 245 351 314 395
45 1 "car" 498 316 604 433
45 2 "car" 729 329 861 406
45 3 "car" 392 332 498 394
45 4 "car" 603 328 646 385
45 5 "person" 625 304 705 457
45 6 "motorbike" 627 415 745 543
45 11 "car" 236 353 308 397
46 1 "car" 497 316 603 433
46 2 "car" 729 328 861 406
46 3 "car" 390 332 498 394
46 4 "car" 602 329 646 385
46 5 "person" 604 305 681 451
46 6 "motorbike" 602 411 715 536
46 11 "car" 227 354 302 398
47 1 "car" 497 316 603 433
47 2 "car" 729 328 861 406
47 3 "car" 388 332 498 394
47 4 "car" 602 329 646 385
47 5 "person" 583 307 657 446
47 6 "motorbike" 578 407 686 530
47 11 "car" 219 356 296 400
48 1 "car" 497 316 603 433
48 2 "car" 729 328 861 407
48 3 "car" 386 333 498 395
48 4 "car" 602 330 645 385
48 5 "person" 563 308 633 440
48 6 "motorbike" 553 403 656 523
48 11 "car" 201 355 284 402
49 1 "car" 496 315 602 432
49 2 "car" 729 328 862 407
49 3 "car" 381 333 492 395
49 4 "car" 602 331 645 384
49 5 "person" 542 309 609 434
49 6 "motorbike" 529 399 627 517
49 11 "car" 183 354 273 405
50 1 "car" 495 315 601 432
50 2 "car" 729 328 862 407
50 3 "car" 377 333 486 395
50 4 "car" 602 331 645 384
50 5 "person" 522 311 585 429
50 6 "motorbike" 505 396 598 511
50 11 "car" 165 354 262 407
51 1 "car" 495 315 601 432
51 2 "car" 729 328 862 408
51 3 "car" 372 334 480 396
51 4 "car" 601 332 645 384
51 5 "person" 512 310 575 427
51 6 "motorbike" 495 395 587 506
51 11 "car" 147 353 250 410
52 1 "car" 494 314 600 431
52 2 "car" 729 328 863 408
52 3 "car" 368 334 474 396
52 4 "car" 601 332 645 383
52 5 "person" 502 310 565 425
52 6 "motorbike" 485 394 576 502
52 11 "car" 129 353 239 412
53 1 "car" 494 314 600 431
53 2 "car" 729 328 863 408
53 3 "car" 364 335 468 396
53 4 "car" 601 333 644 383
53 5 "person" 492 309 555 424
53 6 "motorbike" 475 393 565 498
53 11 "car" 111 352 228 415
54 1 "car" 493 314 599 431
54 2 "car" 729 328 863 409
54 3 "car" 359 335 462 397
54 4 "car" 601 333 644 383
54 5 "person" 482 309 545 422
54 6 "motorbike" 466 392 554 493
54 11 "car" 93 352 216 417
55 1 "car" 493 313 599 430
55 2 "car" 729 328 863 409
55 3 "car" 355 336 456 397
55 4 "car" 601 334 644 383
55 5 "person" 472 309 535 420
55 6 "motorbike" 456 391 543 489
55 11 "car" 75 351 205 420
56 1 "car" 492 313 598 430
56 2 "car" 729 327 864 409
56 3 "car" 350 336 450 398
56 4 "car" 600 335 644 382
56 5 "person" 462 308 525 419
56 6 "motorbike" 446 390 532 485
56 11 "car" 58 351 194 423
57 1 "car" 492 313 598 430
57 2 "car" 729 327 864 410
57 3 "car" 346 337 444 398
57 4 "car" 600 335 643 382
57 5 "person" 452 308 515 417
57 6 "motorbike" 436 389 521 481
57 11 "car" 46 350 174 425
58 1 "car" 491 312 597 429
58 2 "car" 729 327 864 410
58 3 "car" 342 337 438 398
58 4 "car" 600 336 643 382
58 5 "person" 442 308 505 415
58 6 "motorbike" 427 388 510 476
58 11 "car" 34 349 155 428
59 1 "car" 490 312 596 429
59 2 "car" 729 327 865 410
59 3 "car" 337 338 432 399
59 4 "car" 600 336 643 381
59 5 "person" 432 307 495 414
59 6 "motorbike" 417 387 499 472
59 11 "car" 23 348 135 430
60 1 "car" 490 312 596 429
60 2 "car" 729 327 865 411
60 3 "car" 333 338 426 399
60 4 "car" 600 337 643 381
60 5 "person" 422 307 485 412
60 6 "motorbike" 407 386 488 468
60 11 "car" 11 347 116 433
61 1 "car" 489 311 595 428
61 2 "car" 729 327 865 411
61 3 "car" 329 339 420 400
61 4 "car" 599 338 643 381
61 5 "person" 413 307 475 411
61 6 "motorbike" 398 386 478 464
62 1 "car" 489 311 595 428
62 2 "car" 729 327 865 411
62 3 "car" 325 339 415 400
62 4 "car" 599 338 642 381
62 5 "person" 410 307 472 413
62 6 "motorbike" 395 385 470 462
63 1 "car" 488 311 594 428
63 2 "car" 729 327 866 412
63 3 "car" 321 340 410 400
63 4 "car" 599 339 642 380
63 5 "person" 408 307 470 415
63 6 "motorbike" 392 384 462 461
64 1 "car" 488 310 594 427
64 2 "car" 729 327 866 412
64 3 "car" 317 340 405 401
64 4 "car" 599 339 642 380
64 5 "person" 405 308 468 417
64 6 "motorbike" 389 384 454 459
65 1 "car" 487 310 593 427
65 2 "car" 729 327 866 412
65 3 "car" 313 341 400 401
65 4 "car" 599 340 642 380
65 5 "person" 403 308 466 419
65 6 "motorbike" 386 383 446 458
65 7 "person" 1146 225 1265 484
65 8 "motorbike" 1057 384 1278 625
66 1 "car" 487 310 593 427
66 2 "car" 729 327 867 413
66 3 "car" 309 342 396 402
66 4 "car" 599 341 642 380
66 5 "person" 401 309 464 421
66 6 "motorbike" 383 383 439 457
66 7 "person" 1102 234 1221 483
66 8 "motorbike" 1020 385 1231 616
67 1 "car" 486 308 592 425
67 2 "car" 731 326 869 412
67 3 "car" 303 341 394 402
67 4 "car" 598 340 641 379
67 5 "person" 399 309 462 421
67 6 "motorbike" 382 382 437 454
67 7 "person" 1059 244 1178 483
67 8 "motorbike" 983 387 1185 608
68 1 "car" 485 307 591 424
68 2 "car" 733 326 871 412
68 3 "car" 297 340 393 402
68 4 "car" 598 340 641 379
68 5 "person" 398 309 461 421
68 6 "motorbike" 381 382 436 452
68 7 "person" 1016 254 1135 482
68 8 "motorbike" 946 389 1139 600
69 1 "car" 484 305 590 422
69 2 "car" 735 325 873 411
69 3 "car" 291 339 392 402
69 4 "car" 598 340 641 379
69 5 "person" 396 309 459 421
69 6 "motorbike" 380 382 435 449
69 7 "person" 973 263 1091 482
69 8 "motorbike" 909 391 1093 591
70 1 "car" 483 304 589 421
70 2 "car" 737 325 875 411
70 3 "car" 286 338 391 403
70 4 "car" 598 339 641 378
70 5 "person" 395 309 458 421
70 6 "motorbike" 379 382 434 447
70 7 "person" 930 273 1048 481
70 8 "motorbike" 872 393 1047 583
71 1 "car" 483 303 589 420
71 2 "car" 739 325 877 411
71 3 "car" 280 337 392 403
71 4 "car" 598 339 641 378
71 5 "person" 394 309 457 421
71 6 "motorbike" 381 381 436 445
71 7 "person" 887 283 1005 481
71 8 "motorbike" 835 395 1001 575
72 1 "car" 481 302 587 419
72 2 "car" 741 324 879 410
72 3 "car" 274 336 394 404
72 4 "car" 598 339 641 378
72 5 "person" 395 309 458 417
72 6 "motorbike" 384 380 438 444
72 7 "person" 867 283 982 473
72 8 "motorbike" 820 394 979 564
73 1 "car" 480 302 586 419
73 2 "car" 743 324 881 410
73 3 "car" 269 335 395 405
73 4 "car" 598 338 641 377
73 5 "person" 396 309 459 413
73 6 "motorbike" 387 379 441 443
73 7 "person" 848 284 960 466
73 8 "motorbike" 805 393 958 554
74 1 "car" 478 302 584 419
74 2 "car" 745 323 883 409
74 3 "car" 263 334 397 405
74 4 "car" 598 338 641 377
74 5 "person" 397 309 460 409
74 6 "motorbike" 390 378 443 442
74 7 "person" 829 284 938 458
74 8 "motorbike" 790 392 936 543
75 1 "car" 477 302 583 419
75 2 "car" 747 323 885 409
75 3 "car" 257 334 398 406
75 4 "car" 598 338 641 377
75 5 "person" 399 309 461 406
75 6 "motorbike" 392 378 446 441
75 7 "person" 810 285 916 451
75 8 "motorbike" 775 392 915 533
76 1 "car" 475 301 581 418
76 2 "car" 749 323 887 409
76 3 "car" 252 333 400 407
76 4 "car" 598 337 641 376
76 5 "person" 400 309 462 402
76 6 "motorbike" 395 377 448 440
76 7 "person" 791 286 894 444
76 8 "motorbike" 760 391 893 523
77 1 "car" 474 301 580 418
77 2 "car" 751 322 889 408
77 3 "car" 246 332 401 407
77 4 "car" 598 337 641 376
77 5 "person" 401 309 463 398
77 6 "motorbike" 398 376 451 439
77 7 "person" 772 286 872 436
77 8 "motorbike" 745 390 872 512
78 1 "car" 472 301 578 418
78 2 "car" 753 322 891 408
78 3 "car" 240 331 403 408
78 4 "car" 598 337 641 376
78 5 "person" 402 309 464 394
78 6 "motorbike" 401 375 453 438
78 7 "person" 753 287 850 429
78 8 "motorbike" 730 389 850 502
79 1 "car" 471 301 577 418
79 2 "car" 756 322 894 408
79 3 "car" 235 331 405 409
79 4 "car" 598 336 641 375
79 5 "person" 404 309 466 391
79 6 "motorbike" 404 375 456 437
79 7 "person" 734 288 828 422
79 8 "motorbike" 716 389 829 492
80 1 "car" 470 301 575 417
80 2 "car" 753 322 891 408
80 3 "car" 226 329 401 413
80 4 "car" 598 336 641 375
80 5 "person" 406 314 469 395
80 6 "motorbike" 412 376 471 437
80 7 "person" 728 287 817 421
80 8 "motorbike" 711 384 819 487
81 1 "car" 469 302 574 416
81 2 "car" 751 323 889 409
81 3 "car" 218 328 398 418
81 4 "car" 598 336 641 375
81 5 "person" 409 319 472 399
81 6 "motorbike" 420 378 487 437
81 7 "person" 722 287 806 421
81 8 "motorbike" 706 379 810 482
82 1 "car" 469 302 573 416
82 2 "car" 749 323 887 409
82 3 "car" 210 327 394 423
82 4 "car" 598 335 641 374
82 5 "person" 412 325 475 403
82 6 "motorbike" 428 380 502 437
82 7 "person" 716 287 796 421
82 8 "motorbike" 701 374 801 478
83 1 "car" 468 303 571 415
83 2 "car" 747 324 885 410
83 3 "car" 201 326 391 428
83 4 "car" 598 335 641 374
83 5 "person" 415 330 479 407
83 6 "motorbike" 436 382 518 437
83 7 "person" 710 287 785 421
83 8 "motorbike" 696 369 792 473
84 1 "car" 468 304 570 415
84 2 "car" 744 324 882 410
84 3 "car" 193 325 387 432
84 4 "car" 598 335 641 374
84 5 "person" 418 336 482 411
84 6 "motorbike" 444 384 534 437
84 7 "person" 704 287 775 420
84 8 "motorbike" 691 365 782 469
85 1 "car" 467 304 569 414
85 2 "car" 742 325 880 411
85 3 "car" 185 324 384 437
85 4 "car" 598 334 641 373
85 5 "person" 420 341 485 415
85 6 "motorbike" 452 386 549 437
85 7 "person" 698 287 764 420
85 8 "motorbike" 686 360 773 464
86 1 "car" 467 305 567 414
86 2 "car" 740 325 878 411
86 3 "car" 176 323 380 442
86 4 "car" 598 334 641 373
86 5 "person" 423 346 489 419
86 6 "motorbike" 460 388 565 437
86 7 "person" 692 287 754 420
86 8 "motorbike" 681 355 764 460
87 1 "car" 466 305 566 413
87 2 "car" 738 326 876 412
87 3 "car" 168 322 377 447
87 4 "car" 598 334 641 373
87 5 "person" 426 352 492 423
87 6 "motorbike" 468 390 580 437
87 7 "person" 686 287 743 420
87 8 "motorbike" 676 350 755 455
88 1 "car" 465 306 565 412
88 2 "car" 736 327 874 413
88 3 "car" 160 321 374 452
88 4 "car" 598 334 641 373
88 5 "person" 429 357 495 427
88 6 "motorbike" 476 392 596 437
88 7 "person" 680 287 733 420
88 8 "motorbike" 671 346 746 451
89 1 "car" 465 307 563 412
89 2 "car" 736 327 874 413
89 3 "car" 150 319 368 456
89 4 "car" 598 332 641 371
89 5 "person" 432 363 499 432
89 6 "motorbike" 484 394 612 438
89 7 "person" 676 289 729 416
89 8 "motorbike" 668 347 740 447
89 12 "car" 336 307 421 392
90 1 "car" 464 307 562 411
90 2 "car" 736 327 874 413
90 3 "car" 140 317 362 461
90 4 "car" 598 331 641 370
90 5 "person" 436 365 505 432
90 6 "motorbike" 492 394 620 437
90 7 "person" 673 291 726 413
90 8 "motorbike" 666 349 735 443
90 12 "car" 333 307 418 392
91 1 "car" 464 308 561 411
91 2 "car" 736 327 874 413
91 3 "car" 130 315 356 466
91 4 "car" 598 330 641 369
91 5 "person" 441 368 512 432
91 6 "motorbike" 501 394 629 437
91 7 "person" 670 293 723 409
91 8 "motorbike" 663 351 729 439
91 12 "car" 331 308 416 393
92 1 "car" 463 309 559 410
92 2 "car" 736 327 874 413
92 3 "car" 121 313 350 471
92 4 "car" 598 329 641 368
92 5 "person" 446 370 519 432
92 6 "motorbike" 510 394 638 437
92 7 "person" 667 295 719 406
92 8 "motorbike" 661 352 724 435
92 12 "car" 328 308 413 393
93 1 "car" 463 309 558 410
93 2 "car" 736 327 874 413
93 3 "car" 111 311 344 475
93 4 "car" 598 328 641 367
93 5 "person" 451 373 525 432
93 6 "motorbike" 518 395 647 436
93 7 "person" 663 297 716 402
93 8 "motorbike" 658 354 718 431
93 12 "car" 326 309 411 394
94 1 "car" 462 310 557 409
94 2 "car" 736 327 874 413
94 3 "car" 101 309 339 480
94 4 "car" 599 327 642 366
94 5 "person" 456 376 532 432
94 6 "motorbike" 527 395 656 436
94 7 "person" 660 300 713 399
94 8 "motorbike" 656 356 713 427
94 12 "car" 324 309 409 394
95 1 "car" 461 310 555 408
95 2 "car" 736 327 874 413
95 3 "car" 91 307 333 485
95 4 "car" 599 326 642 365
95 5 "person" 461 378 539 433
95 6 "motorbike" 536 395 664 436
95 7 "person" 657 302 709 396
95 8 "motorbike" 654 357 708 423
95 12 "car" 321 310 406 395
96 1 "car" 461 311 554 408
96 2 "car" 736 327 874 413
96 3 "car" 82 305 327 490
96 4 "car" 599 325 642 364
96 5 "person" 466 381 546 433
96 6 "motorbike" 545 395 673 436
96 7 "person" 654 304 706 392
96 8 "motorbike" 651 359 702 419
96 12 "car" 319 310 404 395
97 1 "car" 460 312 553 407
97 2 "car" 736 327 874 413
97 3 "car" 72 303 321 494
97 4 "car" 599 324 642 363
97 5 "person" 471 384 552 433
97 6 "motorbike" 553 396 682 435
97 7 "person" 650 306 703 389
97 8 "motorbike" 649 361 697 415
97 12 "car" 317 311 402 396
98 1 "car" 460 312 551 407
98 2 "car" 736 327 874 413
98 3 "car" 62 301 315 499
98 4 "car" 599 323 642 362
98 5 "person" 476 386 559 433
98 6 "motorbike" 562 396 691 435
98 7 "person" 647 308 699 385
98 8 "motorbike" 646 362 691 411
98 12 "car" 314 311 399 396
99 1 "car" 459 313 550 406
99 2 "car" 736 327 874 413
99 3 "car" 52 299 309 504
99 4 "car" 599 322 642 361
99 5 "person" 481 389 566 433
99 6 "motorbike" 571 396 700 435
99 7 "person" 644 310 696 382
99 8 "motorbike" 644 364 686 407
99 12 "car" 312 312 397 397
100 1 "car" 459 314 549 406
100 2 "car" 736 327 874 413
100 3 "car" 43 298 304 509
100 4 "car" 600 321 643 360
100 5 "person" 486 392 573 434
100 6 "motorbike" 580 397 709 435
100 7 "person" 641 313 693 379
100 8 "motorbike" 642 366 681 404
100 12 "car" 310 313 395 398
