1 1 "motorbike" 738 288 780 347
1 2 "motorbike" 828 298 883 381
1 3 "car" 634 259 723 330
1 4 "car" 1105 228 1273 547
1 5 "motorbike" 549 248 570 306
1 6 "bus" 0 183 248 368
1 8 "person" 824 236 882 315
1 9 "person" 735 240 780 301
1 10 "car" 244 267 329 337
1 11 "car" 329 257 396 313
1 12 "person" 350 261 368 323
1 13 "bike" 470 253 496 308
1 14 "car" 428 259 473 303
1 15 "car" 500 253 549 301
2 1 "motorbike" 735 288 780 348
2 2 "motorbike" 829 300 884 383
2 3 "car" 631 258 720 332
2 4 "car" 1128 264 1274 567
2 5 "motorbike" 544 254 565 312
2 6 "bus" 0 183 236 376
2 8 "person" 825 238 883 317
2 9 "person" 733 240 778 301
2 10 "car" 235 267 320 337
2 11 "car" 320 257 389 313
2 12 "person" 342 261 360 323
2 13 "bike" 464 252 490 307
2 14 "car" 423 259 468 303
2 15 "car" 495 252 544 300
3 1 "motorbike" 733 288 780 349
3 2 "motorbike" 830 302 885 385
3 3 "car" 628 257 717 334
3 4 "car" 1151 301 1275 587
3 5 "motorbike" 540 261 561 319
3 6 "bus" 0 183 224 385
3 8 "person" 827 240 885 319
3 9 "person" 731 241 776 302
3 10 "car" 226 267 311 337
3 11 "car" 312 257 382 313
3 12 "person" 334 261 352 323
3 13 "bike" 458 252 484 307
3 14 "car" 418 260 463 304
3 15 "car" 490 252 539 300
4 1 "motorbike" 731 289 780 350
4 2 "motorbike" 832 305 887 387
4 3 "car" 625 257 714 336
4 4 "car" 1174 337 1276 607
4 5 "motorbike" 535 268 556 326
4 6 "bus" 0 183 212 393
4 8 "person" 829 243 887 322
4 9 "person" 730 242 775 303
4 10 "car" 217 267 302 337
4 11 "car" 304 258 375 313
4 12 "person" 326 262 344 324
4 13 "bike" 452 252 478 307
4 14 "car" 413 260 458 304
4 15 "car" 485 252 534 300
5 1 "motorbike" 728 289 781 351
5 2 "motorbike" 833 307 888 390
5 3 "car" 622 256 711 338
5 4 "car" 1197 374 1277 627
5 5 "motorbike" 531 275 552 333
5 6 "bus" 0 183 200 402
5 8 "person" 831 245 889 324
5 9 "person" 728 243 773 304
5 10 "car" 208 268 293 338
5 11 "car" 296 258 368 314
5 12 "person" 318 262 336 324
5 13 "bike" 446 251 472 306
5 14 "car" 409 261 454 305
5 15 "car" 480 251 529 299
6 1 "motorbike" 726 290 781 352
6 2 "motorbike" 835 310 890 392
6 3 "car" 619 256 708 340
6 5 "motorbike" 527 282 548 340
6 6 "bus" 0 183 188 411
6 8 "person" 833 248 891 327
6 9 "person" 727 244 772 305
6 10 "car" 199 268 284 338
6 11 "car" 288 259 361 314
6 12 "person" 310 263 328 325
6 13 "bike" 440 251 466 306
6 14 "car" 404 261 449 305
6 15 "car" 475 251 524 299
7 1 "motorbike" 724 290 781 353
7 2 "motorbike" 836 312 891 394
7 3 "car" 616 255 705 342
7 5 "motorbike" 513 276 534 334
7 6 "bus" 0 183 168 410
7 8 "person" 835 250 893 329
7 9 "person" 725 245 770 306
7 10 "car" 190 268 275 338
7 11 "car" 280 259 354 314
7 12 "person" 302 263 320 325
7 13 "bike" 434 251 460 306
7 14 "car" 399 262 444 306
7 15 "car" 470 251 519 299
8 1 "motorbike" 722 291 782 355
8 2 "motorbike" 838 315 893 397
8 3 "car" 614 255 702 345
8 5 "motorbike" 500 270 521 328
8 6 "bus" 0 183 149 410
8 8 "person" 837 253 895 332
8 9 "person" 724 246 769 307
8 10 "car" 181 269 266 339
8 11 "car" 272 260 348 315
8 12 "person" 294 264 312 326
8 13 "bike" 428 251 454 306
8 14 "car" 395 263 440 307
8 15 "car" 465 251 514 299
9 1 "motorbike" 717 293 775 358
9 2 "motorbike" 837 318 892 402
9 3 "car" 606 261 694 348
9 5 "motorbike" 486 264 507 322
9 6 "bus" 0 183 130 410
9 8 "person" 835 256 893 335
9 9 "person" 718 249 763 310
9 10 "car" 164 271 254 342
9 11 "car" 259 262 336 318
9 12 "person" 281 266 299 328
9 13 "bike" 417 254 443 309
9 14 "car" 384 266 429 310
9 15 "car" 457 254 506 302
10 1 "motorbike" 712 296 769 361
10 2 "motorbike" 837 322 891 408
10 3 "car" 599 267 687 351
10 5 "motorbike" 473 258 494 316
10 8 "person" 834 259 892 338
10 9 "person" 712 252 757 313
10 10 "car" 148 273 242 345
10 11 "car" 247 265 325 322
10 12 "person" 269 269 287 331
10 13 "bike" 407 258 433 313
10 14 "car" 374 269 419 313
10 15 "car" 449 258 498 306
11 1 "motorbike" 708 299 762 364
11 2 "motorbike" 836 325 890 413
11 3 "car" 591 273 680 354
11 5 "motorbike" 455 259 479 323
11 8 "person" 833 262 891 341
11 9 "person" 707 255 752 316
11 10 "car" 131 275 231 348
11 11 "car" 235 267 314 326
11 12 "person" 257 271 275 333
11 13 "bike" 397 262 423 317
11 14 "car" 363 272 408 316
11 15 "car" 441 261 490 309
12 1 "motorbike" 703 302 756 367
12 2 "motorbike" 836 329 889 419
12 3 "car" 584 279 672 358
12 5 "motorbike" 437 261 465 331
12 8 "person" 832 265 890 344
12 9 "person" 701 258 746 319
12 10 "car" 115 277 219 351
12 11 "car" 223 270 303 330
12 12 "person" 245 274 263 336
12 13 "bike" 387 266 413 321
12 14 "car" 353 276 398 320
12 15 "car" 433 265 482 313
13 1 "motorbike" 698 305 749 370
13 2 "motorbike" 835 332 888 425
13 3 "car" 576 285 665 361
13 5 "motorbike" 419 263 450 339
13 8 "person" 830 268 888 347
13 9 "person" 695 261 740 322
13 10 "car" 98 279 207 354
13 11 "car" 211 273 292 333
13 12 "person" 233 276 251 338
13 13 "bike" 376 269 402 324
13 14 "car" 342 279 387 323
13 15 "car" 425 268 474 316
14 1 "motorbike" 694 308 743 373
14 2 "motorbike" 835 336 887 430
14 3 "car" 569 291 658 364
14 5 "motorbike" 401 264 436 347
14 8 "person" 829 271 887 350
14 9 "person" 690 264 735 325
14 10 "car" 82 281 196 357
14 11 "car" 199 275 281 337
14 12 "person" 221 279 239 341
14 13 "bike" 366 273 392 328
14 14 "car" 332 282 377 326
14 15 "car" 417 272 466 320
15 1 "motorbike" 689 311 736 376
15 2 "motorbike" 834 339 886 436
15 3 "car" 562 297 651 368
15 5 "motorbike" 383 266 421 355
15 8 "person" 828 274 886 353
15 9 "person" 684 267 729 328
15 10 "car" 65 283 184 360
15 11 "car" 187 278 270 341
15 12 "person" 209 281 227 343
15 13 "bike" 356 277 382 332
15 14 "car" 321 285 366 329
15 15 "car" 409 275 458 323
16 1 "motorbike" 685 314 730 379
16 2 "motorbike" 834 343 886 442
16 3 "car" 560 293 650 366
16 5 "motorbike" 365 268 407 363
16 8 "person" 827 278 885 357
16 9 "person" 679 271 724 332
16 10 "car" 49 286 173 364
16 11 "car" 175 281 259 345
16 12 "person" 197 284 215 346
16 13 "bike" 346 281 372 336
16 14 "car" 311 289 356 333
16 15 "car" 402 279 451 327
17 1 "motorbike" 684 314 730 377
17 2 "motorbike" 842 345 894 445
17 3 "car" 558 290 650 364
17 5 "motorbike" 347 270 393 371
17 8 "person" 833 278 893 359
17 9 "person" 680 271 725 332
17 10 "car" 40 285 163 365
17 11 "car" 165 279 253 344
17 12 "person" 187 283 205 347
17 13 "bike" 338 279 365 336
17 14 "car" 310 287 357 331
17 15 "car" 397 277 447 326
18 1 "motorbike" 684 314 731 376
18 2 "motorbike" 850 347 902 449
18 3 "car" 556 287 649 363
18 5 "motorbike" 309 277 366 383
18 8 "person" 840 279 901 362
18 9 "person" 681 271 726 332
18 10 "car" 32 284 154 367
18 11 "car" 156 277 248 343
18 12 "person" 177 282 196 349
18 13 "bike" 330 278 358 337
18 14 "car" 309 286 358 330
18 15 "car" 393 276 443 326
19 1 "motorbike" 684 315 731 375
19 2 "motorbike" 858 350 910 452
19 3 "car" 555 284 649 361
19 5 "motorbike" 271 285 340 396
19 8 "person" 846 279 909 365
19 9 "person" 683 272 728 333
19 10 "car" 24 284 145 369
19 11 "car" 146 276 243 342
19 12 "person" 167 281 186 350
19 13 "bike" 322 276 351 338
19 14 "car" 308 285 359 328
19 15 "car" 389 274 439 326
20 1 "motorbike" 684 315 732 374
20 2 "motorbike" 866 352 919 456
20 3 "car" 553 281 648 360
20 5 "motorbike" 233 293 313 409
20 8 "person" 853 280 917 368
20 9 "person" 684 272 729 333
20 10 "car" 16 283 136 371
20 11 "car" 137 274 238 342
20 12 "person" 157 280 177 352
20 13 "bike" 314 275 345 339
20 14 "car" 307 283 360 327
20 15 "car" 385 273 436 326
21 1 "motorbike" 684 316 732 373
21 2 "motorbike" 874 355 927 460
21 3 "car" 551 278 648 358
21 5 "motorbike" 195 301 287 422
21 8 "person" 860 280 926 371
21 9 "person" 685 272 730 333
21 10 "car" 8 282 127 373
21 11 "car" 127 273 233 341
21 12 "person" 148 279 167 353
21 13 "bike" 306 274 338 340
21 14 "car" 306 282 362 326
21 15 "car" 381 271 432 326
22 1 "motorbike" 684 316 733 371
22 2 "motorbike" 882 357 935 463
22 3 "car" 550 275 647 357
22 5 "motorbike" 157 309 260 435
22 8 "person" 866 281 934 374
22 9 "person" 687 273 732 334
22 10 "car" 0 282 118 375
22 11 "car" 118 271 227 340
22 12 "person" 138 278 158 355
22 13 "bike" 298 272 331 340
22 14 "car" 305 281 363 324
22 15 "car" 377 270 428 326
23 1 "motorbike" 684 316 733 370
23 2 "motorbike" 890 359 944 467
23 3 "car" 548 272 647 355
23 5 "motorbike" 119 317 234 448
23 8 "person" 873 281 942 377
23 9 "person" 684 269 729 330
23 10 "car" 0 277 108 370
23 11 "car" 108 269 222 340
23 12 "person" 128 277 148 356
23 13 "bike" 290 271 325 341
23 14 "car" 304 279 364 323
23 15 "car" 373 268 425 326
24 1 "motorbike" 684 317 734 369
24 2 "motorbike" 898 362 952 470
24 3 "car" 546 269 646 353
24 5 "motorbike" 81 325 207 461
24 8 "person" 879 282 950 380
24 9 "person" 682 265 727 326
24 10 "car" 0 273 98 366
24 11 "car" 99 268 217 339
24 12 "person" 118 276 139 358
24 13 "bike" 282 269 318 342
24 14 "car" 303 278 365 321
24 15 "car" 369 267 421 326
24 16 "person" 782 286 808 348
24 17 "car" 723 275 759 323
24 18 "car" 759 273 786 333
25 1 "motorbike" 684 317 734 368
25 2 "motorbike" 906 364 960 474
25 3 "car" 544 266 646 352
25 8 "person" 886 282 958 383
25 9 "person" 680 261 725 322
25 10 "car" 0 269 88 362
25 11 "car" 89 266 212 338
25 12 "person" 108 275 129 359
25 13 "bike" 274 268 311 343
25 14 "car" 302 277 366 320
25 15 "car" 365 265 417 326
25 16 "person" 782 282 808 345
25 17 "car" 721 270 758 319
25 18 "car" 759 268 792 329
26 1 "motorbike" 684 318 735 367
26 2 "motorbike" 914 367 969 478
26 3 "car" 543 263 645 350
26 8 "person" 893 283 967 386
26 9 "person" 677 257 722 318
26 10 "car" 0 265 79 358
26 11 "car" 80 265 207 338
26 12 "person" 99 274 120 361
26 13 "bike" 267 267 305 344
26 14 "car" 301 276 368 319
26 15 "car" 361 264 414 326
26 16 "person" 783 278 809 343
26 17 "car" 720 266 758 315
26 18 "car" 759 263 799 325
27 1 "motorbike" 680 308 730 359
27 2 "motorbike" 915 361 972 471
27 3 "car" 541 260 645 349
27 8 "person" 898 277 972 380
27 9 "person" 675 253 720 314
27 10 "car" 0 259 69 352
27 11 "car" 80 256 197 335
27 12 "person" 86 267 107 354
27 13 "bike" 257 258 295 335
27 14 "car" 292 268 358 315
27 15 "car" 357 256 410 318
27 16 "person" 783 274 809 340
27 17 "car" 718 261 758 311
27 18 "car" 759 258 806 321
28 1 "motorbike" 676 298 726 351
28 2 "motorbike" 917 356 975 465
28 3 "car" 539 257 644 347
28 8 "person" 904 271 978 374
28 9 "person" 673 249 718 310
28 10 "car" 0 254 59 347
28 11 "car" 80 247 188 332
28 12 "person" 73 260 94 347
28 13 "bike" 248 249 286 326
28 14 "car" 283 260 349 311
28 15 "car" 353 248 406 310
28 16 "person" 784 271 810 338
28 17 "car" 717 257 758 308
28 18 "car" 759 253 813 318
29 1 "motorbike" 673 289 722 344
29 2 "motorbike" 919 351 979 459
29 3 "car" 538 254 644 346
29 8 "person" 910 266 984 369
29 9 "person" 671 246 716 307
29 11 "car" 81 238 179 330
29 12 "person" 60 253 81 340
29 13 "bike" 239 240 277 317
29 14 "car" 274 252 340 307
29 15 "car" 350 241 403 303
29 16 "person" 784 267 810 335
29 17 "car" 715 252 758 304
29 18 "car" 759 248 820 314
30 1 "motorbike" 671 292 720 346
30 2 "motorbike" 927 355 989 466
30 3 "car" 536 257 642 350
30 8 "person" 915 267 994 375
30 9 "person" 668 247 713 308
30 11 "car" 67 239 171 330
30 12 "person" 45 254 66 341
30 13 "bike" 227 241 266 322
30 14 "car" 263 254 335 308
30 15 "car" 342 241 400 307
30 16 "person" 785 263 811 333
30 17 "car" 714 248 758 300
30 18 "car" 759 243 827 310
31 1 "motorbike" 670 295 718 349
31 2 "motorbike" 935 360 999 474
31 3 "car" 534 260 641 354
31 8 "person" 921 269 1004 381
31 9 "person" 665 249 710 310
31 11 "car" 54 240 163 331
31 12 "person" 30 255 51 342
31 13 "bike" 215 242 255 327
31 14 "car" 253 256 331 310
31 15 "car" 334 241 397 311
31 16 "person" 786 260 812 331
31 17 "car" 713 244 758 297
31 18 "car" 759 238 834 307
32 1 "motorbike" 669 298 716 351
32 2 "motorbike" 943 364 1009 482
32 3 "car" 532 263 640 358
32 8 "person" 927 270 1014 387
32 9 "person" 662 251 707 312
32 11 "car" 40 241 155 332
32 12 "person" 15 256 36 343
32 13 "bike" 203 243 244 332
32 14 "car" 243 258 327 312
32 15 "car" 326 241 394 315
32 16 "person" 786 259 812 332
32 17 "car" 711 252 757 306
32 18 "car" 759 248 835 318
33 1 "motorbike" 668 301 714 354
33 2 "motorbike" 952 369 1019 490
33 3 "car" 530 267 639 362
33 8 "person" 933 272 1024 393
33 9 "person" 660 253 705 314
33 11 "car" 27 242 148 333
33 13 "bike" 192 244 234 338
33 14 "car" 233 260 323 314
33 15 "car" 319 241 391 320
33 16 "person" 787 259 813 333
33 17 "car" 710 261 757 315
33 18 "car" 759 258 837 329
34 1 "motorbike" 663 291 708 347
34 2 "motorbike" 952 365 1028 486
34 3 "car" 525 257 634 353
34 8 "person" 937 265 1032 386
34 9 "person" 655 244 700 305
34 11 "car" 20 232 135 325
34 13 "bike" 176 236 221 329
34 14 "car" 222 252 312 306
34 15 "car" 308 232 384 311
34 16 "person" 788 259 814 334
34 17 "car" 709 270 757 325
34 18 "car" 759 268 839 341
35 1 "motorbike" 658 282 703 341
35 2 "motorbike" 953 362 1037 483
35 3 "car" 520 247 630 344
35 8 "person" 942 259 1040 379
35 9 "person" 651 236 696 297
35 11 "car" 13 223 123 318
35 13 "bike" 161 228 208 321
35 14 "car" 211 244 301 298
35 15 "car" 298 223 377 302
35 16 "person" 789 258 815 335
35 17 "car" 708 262 757 317
35 18 "car" 758 258 840 333
36 1 "motorbike" 653 272 697 334
36 2 "motorbike" 954 358 1046 479
36 3 "car" 515 237 626 335
36 8 "person" 947 252 1048 372
36 9 "person" 647 227 692 288
36 11 "car" 6 213 110 311
36 13 "bike" 146 220 195 313
36 14 "car" 200 236 290 290
36 15 "car" 288 214 370 293
36 16 "person" 790 258 816 336
36 17 "car" 707 254 758 310
36 18 "car" 758 249 842 325
37 1 "motorbike" 649 263 692 328
37 2 "motorbike" 955 355 1055 476
37 3 "car" 511 227 622 326
37 8 "person" 952 246 1056 366
37 9 "person" 643 219 688 280
37 11 "car" 0 204 98 304
37 13 "bike" 131 212 183 305
37 14 "car" 190 228 280 282
37 15 "car" 278 206 363 284
37 16 "person" 791 258 817 337
37 17 "car" 706 246 758 303
37 18 "car" 758 240 843 317
38 1 "motorbike" 643 270 685 333
38 2 "motorbike" 965 368 1065 493
38 3 "car" 506 236 617 336
38 8 "person" 957 255 1061 384
38 9 "person" 637 227 682 288
38 11 "car" 0 213 86 313
38 13 "bike" 110 219 164 317
38 14 "car" 178 237 268 291
38 15 "car" 268 215 353 293
38 16 "person" 792 258 818 339
38 17 "car" 706 239 759 296
38 18 "car" 758 231 845 310
39 1 "motorbike" 637 278 678 338
39 2 "motorbike" 976 382 1075 511
39 3 "car" 501 246 613 347
39 8 "person" 963 265 1067 402
39 9 "person" 632 235 677 296
39 11 "car" 0 222 75 322
39 13 "bike" 89 226 145 329
39 14 "car" 167 247 257 301
39 15 "car" 258 225 343 303
39 16 "person" 793 263 819 345
39 17 "car" 704 243 758 301
39 18 "car" 757 237 846 317
40 1 "motorbike" 631 285 671 343
40 2 "motorbike" 986 396 1085 528
40 3 "car" 496 255 608 357
40 8 "person" 969 275 1072 420
40 9 "person" 626 243 671 304
40 11 "car" 0 231 64 331
40 13 "bike" 68 233 126 341
40 14 "car" 155 256 245 310
40 15 "car" 248 234 333 312
40 16 "person" 794 268 820 352
40 17 "car" 703 248 758 306
40 18 "car" 756 243 847 325
41 1 "motorbike" 626 293 665 349
41 2 "motorbike" 997 410 1096 546
41 3 "car" 491 265 604 368
41 8 "person" 975 285 1078 439
41 9 "person" 621 252 666 313
41 13 "bike" 48 241 108 354
41 14 "car" 144 266 234 320
41 15 "car" 239 244 324 322
41 16 "person" 795 274 821 359
41 17 "car" 701 252 758 312
41 18 "car" 756 249 848 332
42 1 "motorbike" 620 292 658 345
42 2 "motorbike" 1006 407 1105 545
42 3 "car" 489 264 602 368
42 8 "person" 981 283 1088 440
42 9 "person" 615 249 660 310
42 13 "bike" 36 239 87 352
42 14 "car" 131 264 221 321
42 15 "car" 226 242 316 323
42 16 "person" 796 279 822 366
42 17 "car" 700 257 758 317
42 18 "car" 755 255 849 340
43 1 "motorbike" 615 292 652 341
43 2 "motorbike" 1016 405 1114 545
43 3 "car" 487 264 601 369
43 8 "person" 987 281 1098 442
43 9 "person" 609 247 654 308
43 13 "bike" 24 238 67 351
43 14 "car" 119 263 209 322
43 15 "car" 214 240 309 324
43 16 "person" 798 285 823 373
43 17 "car" 699 262 758 323
43 18 "car" 755 262 851 348
44 1 "motorbike" 609 292 646 337
44 2 "motorbike" 1025 403 1123 544
44 3 "car" 485 263 599 369
44 8 "person" 993 279 1108 444
44 9 "person" 603 245 648 306
44 13 "bike" 12 237 47 350
44 14 "car" 107 261 196 323
44 15 "car" 201 238 301 325
44 16 "person" 799 278 826 368
44 17 "car" 698 257 758 320
44 18 "car" 756 255 855 340
45 1 "motorbike" 604 292 640 333
45 2 "motorbike" 1035 401 1133 544
45 3 "car" 483 263 598 370
45 8 "person" 1000 278 1118 446
45 9 "person" 597 243 642 304
45 14 "car" 95 260 184 324
45 15 "car" 189 237 294 326
45 16 "person" 801 271 829 363
45 17 "car" 698 252 759 317
45 18 "car" 758 248 859 333
46 1 "motorbike" 598 283 633 328
46 2 "motorbike" 1040 395 1145 542
46 3 "car" 477 255 593 363
46 8 "person" 1015 269 1133 437
46 9 "person" 592 245 634 302
46 14 "car" 83 256 172 320
46 15 "car" 175 231 284 322
46 16 "person" 802 265 832 358
46 17 "car" 698 248 760 315
46 18 "car" 760 241 863 326
46 21 "motorbike" 291 250 320 308
46 22 "car" 348 242 394 280
47 1 "motorbike" 592 274 627 323
47 2 "motorbike" 1045 390 1157 541
47 3 "car" 472 247 588 356
47 8 "person" 1030 261 1148 429
47 9 "person" 588 248 627 301
47 14 "car" 71 253 160 317
47 15 "car" 162 226 275 318
47 16 "person" 804 258 835 353
47 17 "car" 698 243 761 312
47 18 "car" 762 234 867 319
47 21 "motorbike" 283 242 312 301
47 22 "car" 344 233 390 271
48 1 "motorbike" 587 265 621 319
48 2 "motorbike" 1050 385 1170 540
48 3 "car" 466 239 583 349
48 8 "person" 1045 253 1163 421
48 9 "person" 584 250 620 299
48 14 "car" 60 250 149 314
48 15 "car" 149 221 265 314
48 16 "person" 806 252 838 348
48 17 "car" 698 239 762 310
48 18 "car" 764 227 872 312
48 19 "car" 617 236 678 299
48 21 "motorbike" 275 234 304 294
48 22 "car" 340 225 386 263
49 1 "motorbike" 581 280 616 334
49 2 "motorbike" 1051 410 1186 568
49 3 "car" 461 232 578 343
49 8 "person" 1051 272 1176 445
49 9 "person" 580 253 613 298
49 14 "car" 48 258 132 326
49 15 "car" 136 216 256 310
49 16 "person" 807 273 840 367
49 17 "car" 694 253 758 326
49 18 "car" 759 249 870 338
49 19 "car" 611 254 675 317
49 21 "motorbike" 267 227 297 287
49 22 "car" 337 217 383 255
50 1 "motorbike" 575 295 611 349
50 2 "motorbike" 1052 435 1202 596
50 3 "car" 454 253 573 366
50 8 "person" 1057 291 1189 470
50 9 "person" 576 256 606 297
50 14 "car" 36 266 116 338
50 15 "car" 119 229 243 330
50 16 "person" 808 295 842 387
50 17 "car" 690 267 755 342
50 18 "car" 755 271 868 364
50 19 "car" 605 272 672 335
50 21 "motorbike" 260 237 290 298
50 22 "car" 336 228 382 266
51 1 "motorbike" 569 311 606 364
51 2 "motorbike" 1054 461 1218 624
51 3 "car" 448 274 569 390
51 8 "person" 1064 311 1202 494
51 9 "person" 573 262 605 307
51 14 "car" 24 274 99 350
51 15 "car" 102 242 231 350
51 16 "person" 809 317 844 407
51 17 "car" 686 282 752 359
51 18 "car" 751 293 866 391
51 19 "car" 600 291 669 354
51 21 "motorbike" 253 248 284 309
51 22 "car" 335 240 381 278
52 1 "motorbike" 563 326 601 379
52 2 "motorbike" 1055 486 1234 652
52 3 "car" 442 295 564 413
52 8 "person" 1070 330 1215 519
52 9 "person" 571 268 605 317
52 14 "car" 12 282 83 362
52 15 "car" 85 255 219 370
52 16 "person" 818 321 855 415
52 17 "car" 694 288 761 367
52 18 "car" 760 299 877 394
52 19 "car" 603 296 675 359
52 21 "motorbike" 246 259 277 321
52 22 "car" 334 252 380 290
53 1 "motorbike" 557 342 597 395
53 2 "motorbike" 1057 512 1250 680
53 3 "car" 436 317 560 437
53 8 "person" 1077 350 1228 544
53 9 "person" 568 274 604 327
53 15 "car" 69 269 207 391
53 16 "person" 828 326 867 423
53 17 "car" 702 294 770 375
53 18 "car" 769 305 889 398
53 19 "car" 607 302 681 364
53 21 "motorbike" 239 270 271 332
53 22 "car" 333 263 379 301
54 1 "motorbike" 557 340 598 393
54 2 "motorbike" 1080 501 1257 679
54 3 "car" 438 302 564 424
54 8 "person" 1102 348 1240 551
54 9 "person" 566 280 604 337
54 15 "car" 59 258 201 382
54 16 "person" 838 330 878 432
54 17 "car" 710 300 779 383
54 18 "car" 778 311 900 401
54 19 "car" 611 307 687 369
54 21 "motorbike" 232 281 264 343
54 22 "car" 332 275 378 313
55 1 "motorbike" 558 339 600 392
55 2 "motorbike" 1104 490 1264 679
55 3 "car" 441 288 569 412
55 8 "person" 1127 347 1253 559
55 9 "person" 564 287 604 347
55 15 "car" 49 248 196 374
55 16 "person" 848 335 890 440
55 17 "car" 718 306 788 391
55 18 "car" 787 317 912 405
55 19 "car" 615 313 694 375
55 21 "motorbike" 225 292 258 355
55 22 "car" 331 287 377 325
56 1 "motorbike" 558 337 601 390
56 2 "motorbike" 1128 479 1271 679
56 3 "car" 444 274 574 399
56 8 "person" 1152 346 1265 567
56 9 "person" 568 274 606 334
56 15 "car" 39 238 191 366
56 16 "person" 858 340 902 449
56 17 "car" 726 312 797 399
56 18 "car" 797 324 924 409
56 19 "car" 620 298 699 360
56 21 "motorbike" 220 281 254 344
56 22 "car" 333 272 379 310
57 1 "motorbike" 559 336 603 389
57 3 "car" 447 259 579 387
57 9 "person" 573 262 609 322
57 15 "car" 29 228 186 358
57 16 "person" 869 317 913 431
57 17 "car" 731 289 802 376
57 18 "car" 805 299 935 391
57 19 "car" 625 283 704 345
57 21 "motorbike" 215 270 251 334
57 22 "car" 335 257 381 295
58 1 "motorbike" 561 323 606 376
58 3 "car" 450 245 584 374
58 9 "person" 578 249 611 309
58 15 "car" 19 218 181 350
58 16 "person" 881 295 924 413
58 17 "car" 736 266 807 353
58 18 "car" 814 275 947 373
58 19 "car" 630 268 709 330
58 21 "motorbike" 210 260 247 324
58 22 "car" 338 243 384 281
59 1 "motorbike" 563 311 609 363
59 3 "car" 453 231 589 362
59 9 "person" 583 237 614 297
59 15 "car" 10 208 176 342
59 16 "person" 893 273 936 395
59 17 "car" 742 243 813 330
59 18 "car" 823 251 959 356
59 19 "car" 635 254 714 316
59 21 "motorbike" 205 249 244 314
59 22 "car" 340 228 386 266
60 1 "motorbike" 566 299 613 351
60 3 "car" 450 232 589 364
60 9 "person" 584 233 615 293
60 15 "car" 6 205 161 345
60 16 "person" 903 272 946 398
60 17 "car" 745 242 816 329
60 18 "car" 830 248 969 360
60 19 "car" 637 250 716 312
60 21 "motorbike" 201 239 241 304
60 22 "car" 343 214 389 252
61 1 "motorbike" 568 287 616 338
61 3 "car" 447 234 589 366
61 9 "person" 585 229 616 289
61 15 "car" 3 202 147 349
61 16 "person" 913 271 956 402
61 17 "car" 748 241 819 328
61 18 "car" 837 245 979 364
61 19 "car" 639 247 718 309
61 21 "motorbike" 187 240 229 305
61 22 "car" 339 216 385 254
62 1 "motorbike" 571 275 620 326
62 3 "car" 445 236 589 368
62 9 "person" 586 226 617 286
62 16 "person" 923 271 966 406
62 17 "car" 751 241 822 328
62 18 "car" 845 243 990 369
62 19 "car" 642 244 721 306
62 21 "motorbike" 174 241 217 307
62 22 "car" 336 218 382 256
63 1 "motorbike" 571 275 621 326
63 3 "car" 442 241 589 374
63 9 "person" 585 230 616 290
63 16 "person" 932 275 976 418
63 17 "car" 752 246 826 333
63 18 "car" 849 248 1002 374
63 19 "car" 642 247 723 316
63 21 "motorbike" 161 242 205 309
63 22 "car" 333 220 379 258
64 1 "motorbike" 571 275 622 326
64 3 "car" 439 247 589 381
64 9 "person" 584 234 615 294
64 16 "person" 941 280 986 431
64 17 "car" 753 252 831 338
64 18 "car" 854 254 1014 380
64 19 "car" 643 251 726 326
64 21 "motorbike" 151 248 195 316
64 22 "car" 333 224 379 262
65 1 "motorbike" 571 276 624 326
65 3 "car" 436 252 590 388
65 9 "person" 584 238 615 298
65 16 "person" 950 285 997 444
65 17 "car" 754 257 836 344
65 18 "car" 859 260 1026 385
65 19 "car" 644 255 728 336
65 21 "motorbike" 141 255 185 323
65 22 "car" 334 229 380 267
66 1 "motorbike" 572 276 625 326
66 3 "car" 433 258 590 394
66 9 "person" 583 242 614 302
66 16 "person" 959 289 1007 456
66 17 "car" 755 263 840 349
66 18 "car" 863 265 1039 391
66 19 "car" 644 258 731 347
66 21 "motorbike" 131 262 175 331
66 22 "car" 334 233 380 271
67 1 "motorbike" 572 276 626 326
67 3 "car" 430 263 591 401
67 9 "person" 583 246 614 306
67 16 "person" 968 294 1018 469
67 17 "car" 756 268 845 355
67 18 "car" 868 271 1051 396
67 19 "car" 645 262 733 357
67 21 "motorbike" 121 269 165 338
67 22 "car" 335 238 381 276
68 1 "motorbike" 572 277 628 326
68 3 "car" 427 269 591 408
68 9 "person" 582 250 613 310
68 16 "person" 977 299 1028 482
68 17 "car" 757 274 850 360
68 18 "car" 873 277 1063 402
68 19 "car" 646 266 736 367
68 21 "motorbike" 112 276 155 346
68 22 "car" 336 243 382 281
69 1 "motorbike" 573 277 629 327
69 3 "car" 425 275 592 415
69 9 "person" 582 255 613 315
69 16 "person" 987 304 1039 495
69 17 "car" 759 280 855 366
69 18 "car" 878 283 1076 408
69 19 "car" 647 270 739 378
69 21 "motorbike" 93 273 143 343
69 22 "car" 333 241 379 279
70 1 "motorbike" 573 277 631 327
70 3 "car" 417 270 593 414
70 9 "person" 582 253 613 312
70 16 "person" 1000 300 1054 495
70 17 "car" 760 276 858 365
70 18 "car" 882 277 1086 411
70 19 "car" 645 267 741 375
70 21 "motorbike" 75 270 132 341
70 22 "car" 330 239 376 277
71 1 "motorbike" 573 278 632 327
71 3 "car" 410 266 594 413
71 9 "person" 583 252 614 309
71 16 "person" 1013 297 1069 496
71 17 "car" 761 272 861 364
71 18 "car" 886 271 1096 414
71 19 "car" 644 265 743 372
71 21 "motorbike" 57 267 121 339
71 22 "car" 328 237 374 275
72 1 "motorbike" 574 278 633 327
72 3 "car" 403 261 595 412
72 9 "person" 584 251 614 306
72 16 "person" 1027 293 1084 497
72 17 "car" 762 268 864 363
72 18 "car" 890 265 1107 417
72 19 "car" 643 262 745 370
72 20 "motorbike" 405 225 430 285
72 21 "motorbike" 39 265 110 337
72 22 "car" 325 235 371 273
73 1 "motorbike" 574 278 635 327
73 3 "car" 396 257 596 411
73 9 "person" 584 249 615 303
73 16 "person" 1040 290 1100 497
73 17 "car" 763 264 867 362
73 18 "car" 894 259 1117 420
73 19 "car" 641 260 748 367
73 20 "motorbike" 399 225 424 286
73 21 "motorbike" 31 259 92 341
73 22 "car" 323 233 369 271
74 1 "motorbike" 574 279 636 327
74 3 "car" 389 252 597 410
74 9 "person" 585 248 615 300
74 16 "person" 1054 286 1115 498
74 17 "car" 764 260 870 361
74 18 "car" 898 253 1128 423
74 19 "car" 640 257 750 365
74 20 "motorbike" 393 225 418 287
74 21 "motorbike" 23 254 75 345
74 22 "car" 320 231 366 269
75 1 "motorbike" 575 279 637 328
75 3 "car" 382 248 598 409
75 9 "person" 586 247 616 297
75 16 "person" 1067 283 1130 499
75 17 "car" 765 256 873 360
75 18 "car" 902 247 1138 426
75 19 "car" 639 255 752 362
75 20 "motorbike" 387 226 413 288
75 21 "motorbike" 15 248 57 350
75 22 "car" 318 229 364 267
76 1 "motorbike" 575 279 639 328
76 3 "car" 375 244 599 409
76 16 "person" 1081 280 1146 500
76 17 "car" 767 252 877 359
76 18 "car" 907 242 1149 429
76 19 "car" 638 253 755 360
76 20 "motorbike" 381 226 407 289
76 21 "motorbike" 7 243 40 354
76 22 "car" 315 227 361 265
77 1 "motorbike" 575 280 640 328
77 3 "car" 374 228 600 397
77 16 "person" 1102 270 1172 503
77 17 "car" 776 236 889 343
77 18 "car" 922 229 1168 422
77 19 "car" 642 240 763 349
77 20 "motorbike" 376 227 402 291
77 22 "car" 313 225 359 263
78 1 "motorbike" 576 280 642 328
78 3 "car" 373 212 602 385
78 16 "person" 1124 260 1198 506
78 17 "car" 786 221 902 327
78 18 "car" 937 217 1187 415
78 19 "car" 647 227 772 338
78 20 "motorbike" 372 215 398 284
78 22 "car" 315 217 361 255
79 1 "motorbike" 576 280 643 328
79 3 "car" 373 196 604 373
79 16 "person" 1146 251 1224 509
79 17 "car" 796 206 915 312
79 18 "car" 952 205 1206 409
79 19 "car" 652 214 781 327
79 20 "motorbike" 368 203 394 278
79 22 "car" 317 209 363 247
80 1 "motorbike" 576 281 644 328
80 3 "car" 371 196 604 377
80 16 "person" 1164 265 1235 515
80 17 "car" 800 206 923 312
80 18 "car" 961 204 1219 414
80 19 "car" 653 212 787 327
80 20 "motorbike" 364 192 391 272
80 22 "car" 320 201 366 239
81 1 "motorbike" 576 281 646 328
81 3 "car" 369 197 605 382
81 16 "person" 1183 279 1246 522
81 17 "car" 805 206 931 312
81 18 "car" 970 203 1233 419
81 19 "car" 655 210 793 327
81 20 "motorbike" 353 194 383 276
81 22 "car" 317 203 364 241
82 1 "motorbike" 577 281 647 329
82 3 "car" 368 197 606 386
82 16 "person" 1201 294 1257 529
82 17 "car" 810 207 939 313
82 18 "car" 980 202 1247 424
82 19 "car" 657 208 799 327
82 20 "motorbike" 343 196 375 280
82 22 "car" 314 205 362 243
83 1 "motorbike" 577 282 648 329
83 3 "car" 366 198 606 391
83 16 "person" 1220 308 1268 536
83 17 "car" 815 207 947 313
83 18 "car" 989 201 1261 429
83 19 "car" 659 206 805 327
83 20 "motorbike" 332 198 368 285
83 22 "car" 311 207 360 245
84 1 "motorbike" 577 282 650 329
84 3 "car" 365 198 607 395
84 17 "car" 820 208 955 314
84 18 "car" 999 201 1275 434
84 19 "car" 661 205 812 328
84 20 "motorbike" 322 201 360 289
84 22 "car" 308 209 358 247
85 1 "motorbike" 578 282 651 329
85 3 "car" 363 199 608 400
85 17 "car" 826 209 961 321
85 18 "car" 1010 204 1275 451
85 19 "car" 664 208 815 331
85 20 "motorbike" 311 203 353 294
85 22 "car" 306 211 356 249
86 1 "motorbike" 578 283 653 329
86 3 "car" 362 200 609 405
86 17 "car" 832 211 967 328
86 18 "car" 1022 207 1276 469
86 19 "car" 667 211 818 334
86 20 "motorbike" 301 205 345 298
86 22 "car" 303 214 354 251
87 1 "motorbike" 578 283 654 329
87 3 "car" 354 203 606 411
87 17 "car" 838 213 973 335
87 18 "car" 1034 211 1276 487
87 19 "car" 670 215 821 338
87 20 "motorbike" 291 208 338 303
87 22 "car" 300 216 352 253
88 1 "motorbike" 579 283 655 330
88 3 "car" 347 206 603 418
88 17 "car" 844 215 979 342
88 18 "car" 1045 214 1277 505
88 19 "car" 673 218 824 341
88 20 "motorbike" 273 215 325 309
88 22 "car" 297 218 350 255
89 1 "motorbike" 579 284 657 330
89 3 "car" 340 209 601 425
89 17 "car" 850 217 985 349
89 18 "car" 1057 217 1277 523
89 19 "car" 676 221 827 344
89 20 "motorbike" 255 222 312 316
89 22 "car" 295 220 349 258
90 1 "motorbike" 579 284 658 330
90 3 "car" 333 212 598 431
90 17 "car" 857 219 991 356
90 18 "car" 1069 221 1278 541
90 19 "car" 679 225 830 348
90 20 "motorbike" 237 229 300 323
90 22 "car" 292 222 347 260
91 1 "motorbike" 580 284 659 330
91 3 "car" 325 215 596 438
91 17 "car" 856 223 993 360
91 18 "car" 1077 222 1278 542
91 19 "car" 675 228 831 355
91 20 "motorbike" 219 236 287 330
91 22 "car" 289 224 345 262
92 1 "motorbike" 580 285 661 330
92 3 "car" 318 218 593 445
92 17 "car" 855 228 996 365
92 18 "car" 1085 224 1278 544
92 19 "car" 672 232 832 363
92 20 "motorbike" 202 243 275 337
92 22 "car" 286 227 343 264
93 1 "motorbike" 580 285 662 330
93 3 "car" 311 221 591 452
93 17 "car" 854 233 998 370
93 18 "car" 1093 226 1278 546
93 19 "car" 669 236 834 371
93 20 "motorbike" 170 250 248 344
93 22 "car" 284 229 341 266
94 1 "motorbike" 581 286 664 331
94 3 "car" 304 224 588 458
94 17 "car" 853 238 1001 374
94 18 "car" 1101 227 1278 547
94 19 "car" 666 240 835 379
94 20 "motorbike" 138 257 221 351
94 22 "car" 281 231 339 268
95 1 "motorbike" 579 290 662 335
95 3 "car" 297 227 585 465
95 17 "car" 852 243 1003 379
95 18 "car" 1110 229 1278 549
95 19 "car" 663 244 837 387
95 20 "motorbike" 106 264 194 358
95 22 "car" 278 233 337 270
96 1 "motorbike" 577 294 660 339
96 3 "car" 289 230 583 472
96 17 "car" 851 247 1006 384
96 18 "car" 1118 231 1278 551
96 19 "car" 660 248 838 395
96 20 "motorbike" 74 271 167 365
96 22 "car" 275 235 335 272
97 1 "motorbike" 576 299 659 344
97 3 "car" 282 233 580 478
97 17 "car" 850 252 1008 388
97 18 "car" 1126 232 1278 552
97 19 "car" 657 252 839 403
97 20 "motorbike" 43 279 141 373
97 22 "car" 273 238 334 275
98 1 "motorbike" 574 303 657 348
98 3 "car" 275 236 578 485
98 17 "car" 849 257 1011 393
98 18 "car" 1134 234 1278 554
98 19 "car" 654 256 841 411
98 20 "motorbike" 28 286 105 380
98 22 "car" 273 238 334 275
99 1 "motorbike" 572 307 655 352
99 3 "car" 268 239 575 492
99 17 "car" 848 262 1013 398
99 18 "car" 1142 236 1278 556
99 19 "car" 651 260 842 419
99 20 "motorbike" 14 294 70 388
99 22 "car" 273 238 334 275
100 1 "motorbike" 571 312 654 357
100 3 "car" 261 242 573 499
100 7 "car" 520 254 571 329 "involved accident"
100 17 "car" 847 267 1016 403
100 18 "car" 1151 238 1279 558
100 19 "car" 648 264 844 427
100 20 "motorbike" 0 302 35 396
100 22 "car" 273 238 334 275
