1 1 "car" 352 331 535 522
1 3 "bus" 500 272 646 442
2 1 "car" 352 331 534 521
2 3 "bus" 501 271 647 443
3 1 "car" 353 331 534 520
3 3 "bus" 503 271 649 445
4 1 "car" 353 331 534 520
4 3 "bus" 505 270 650 446
5 1 "car" 354 331 534 519
5 3 "bus" 506 270 652 448
6 1 "car" 355 331 534 519
6 3 "bus" 508 270 654 449
7 1 "car" 355 331 533 518
7 3 "bus" 510 269 655 451
8 1 "car" 356 332 533 518
8 3 "bus" 511 269 657 452
9 1 "car" 357 332 533 517
9 3 "bus" 513 268 659 454
10 1 "car" 357 332 533 517
10 3 "bus" 515 268 660 455
11 1 "car" 358 332 533 516
11 3 "bus" 517 268 662 457
12 1 "car" 359 332 532 515
12 3 "bus" 518 267 664 459
13 1 "car" 359 332 532 515
13 3 "bus" 520 267 665 460
14 1 "car" 360 332 532 514
14 3 "bus" 522 266 667 462
15 1 "car" 361 333 532 514
15 3 "bus" 523 266 669 463
16 1 "car" 361 333 532 513
16 3 "bus" 525 266 670 465
17 1 "car" 362 333 531 513
17 3 "bus" 527 265 672 466
18 1 "car" 363 333 531 512
18 3 "bus" 528 265 674 468
19 1 "car" 363 333 531 512
19 3 "bus" 530 264 675 469
20 1 "car" 364 333 531 511
20 3 "bus" 532 264 677 471
21 1 "car" 365 334 531 511
21 2 "car" 708 389 788 421
21 3 "bus" 534 264 679 473
22 1 "car" 363 334 530 510
22 2 "car" 707 389 787 422
22 3 "bus" 537 264 682 471
23 1 "car" 362 334 530 510
23 2 "car" 707 389 787 423
23 3 "bus" 540 265 685 470
24 1 "car" 361 334 530 509
24 2 "car" 707 389 787 424
24 3 "bus" 543 265 688 468
25 1 "car" 360 334 530 509
25 2 "car" 706 389 787 425
25 3 "bus" 546 266 692 467
26 1 "car" 359 334 529 508
26 2 "car" 706 389 787 426
26 3 "bus" 550 267 695 466
27 1 "car" 358 334 529 508
27 2 "car" 706 389 787 427
27 3 "bus" 553 267 698 464
28 1 "car" 357 335 529 507
28 2 "car" 706 389 787 429
28 3 "bus" 556 268 701 463
29 1 "car" 356 335 529 507
29 2 "car" 704 388 785 428
29 3 "bus" 559 268 705 462
30 1 "car" 355 335 528 506
30 2 "car" 703 388 784 428
30 3 "bus" 562 269 708 460
31 1 "car" 354 335 528 506
31 2 "car" 701 388 782 428
31 3 "bus" 566 270 711 459
32 1 "car" 353 335 528 505
32 2 "car" 700 388 781 428
32 3 "bus" 569 270 714 458
33 1 "car" 352 335 528 505
33 2 "car" 699 387 780 427
33 3 "bus" 572 271 718 456
34 1 "car" 351 335 527 504
34 2 "car" 697 387 778 427
34 3 "bus" 575 271 721 455
35 1 "car" 350 336 527 504
35 2 "car" 696 387 777 427
35 3 "bus" 578 272 724 454
36 1 "car" 349 336 527 503
36 2 "car" 695 387 776 427
36 3 "bus" 582 273 727 452
37 1 "car" 348 336 527 503
37 2 "car" 693 387 774 427
37 3 "bus" 585 273 731 451
38 1 "car" 347 336 526 502
38 2 "car" 692 386 773 426
38 3 "bus" 588 274 734 450
39 1 "car" 346 336 526 502
39 2 "car" 691 386 772 426
39 3 "bus" 591 274 737 448
40 1 "car" 345 336 526 501
40 2 "car" 689 386 770 426
40 3 "bus" 594 275 740 447
41 1 "car" 344 337 526 501
41 2 "car" 688 386 769 426
41 3 "bus" 598 276 744 446
42 1 "car" 347 337 528 499
42 2 "car" 687 386 768 426
42 3 "bus" 600 276 746 446
43 1 "car" 350 338 530 498
43 2 "car" 681 385 762 425
43 3 "bus" 603 276 749 446
44 1 "car" 353 338 532 497
44 2 "car" 676 385 757 425
44 3 "bus" 606 276 752 446
45 1 "car" 356 339 534 496
45 2 "car" 670 385 751 425
45 3 "bus" 609 276 755 446
46 1 "car" 359 339 537 495
46 2 "car" 665 385 746 425
46 3 "bus" 612 276 758 446
47 1 "car" 362 340 539 493
47 2 "car" 660 385 741 425
47 3 "bus" 615 276 761 446
48 1 "car" 366 340 541 492
48 2 "car" 653 385 734 425
48 3 "bus" 618 277 764 447
49 1 "car" 369 341 543 491
49 2 "car" 647 385 728 425
49 3 "bus" 621 277 767 447
50 1 "car" 372 341 545 490
50 2 "car" 640 385 721 425
50 3 "bus" 623 277 769 447
51 1 "car" 375 342 548 489
51 2 "car" 634 385 715 425
51 3 "bus" 626 277 772 447
52 1 "car" 378 343 550 487
52 2 "car" 627 385 708 425
52 3 "bus" 629 277 775 447
53 1 "car" 381 343 552 486
53 2 "car" 621 385 702 425
53 3 "bus" 632 277 778 447
54 1 "car" 384 344 554 485
54 2 "car" 615 385 696 425
54 3 "bus" 635 278 781 448
55 1 "car" 388 344 556 484
55 2 "car" 608 385 689 425
55 3 "bus" 638 278 784 448
56 1 "car" 391 345 559 483
56 2 "car" 602 385 683 425
56 3 "bus" 641 278 787 448
57 1 "car" 394 345 561 481
57 2 "car" 595 385 676 425
57 3 "bus" 644 278 790 448
58 1 "car" 397 346 563 480
58 2 "car" 589 385 670 425
58 3 "bus" 646 278 792 448
59 1 "car" 400 346 565 479
59 2 "car" 583 385 664 425
59 3 "bus" 649 278 795 448
60 1 "car" 403 347 567 478
60 2 "car" 584 384 664 425
60 3 "bus" 652 278 798 448
61 1 "car" 407 348 570 477
61 2 "car" 585 384 664 425
61 3 "bus" 655 279 801 449
62 1 "car" 414 347 575 475
62 2 "car" 586 384 664 426
62 3 "bus" 658 279 804 449
63 1 "car" 421 347 580 474
63 2 "car" 588 384 665 426
63 3 "bus" 661 279 807 449
64 1 "car" 428 347 585 473
64 2 "car" 589 384 665 426
64 3 "bus" 664 279 810 449
65 1 "car" 435 347 591 471
65 2 "car" 590 383 665 427
65 3 "bus" 667 279 813 449
66 1 "car" 442 347 596 470
66 2 "car" 591 383 665 427
66 3 "bus" 669 279 815 449
67 1 "car" 449 347 601 469
67 2 "car" 593 383 666 427
67 3 "bus" 672 280 818 450
68 1 "car" 457 347 607 468
68 2 "car" 594 383 666 428
68 3 "bus" 675 280 821 450
69 1 "car" 462 347 612 467
69 2 "car" 595 383 666 428
69 3 "bus" 678 280 824 450
70 1 "car" 467 347 618 466
70 2 "car" 597 383 667 429
70 3 "bus" 681 280 827 450
71 1 "car" 472 347 624 465
71 2 "car" 572 385 647 431
71 3 "bus" 684 280 830 450
72 1 "car" 478 347 630 465
72 2 "car" 547 387 627 434
72 3 "bus" 687 280 833 450
73 1 "car" 483 347 636 464
73 2 "car" 523 390 608 437
73 3 "bus" 690 281 836 451
74 1 "car" 488 347 641 463
74 2 "car" 507 387 590 438
74 3 "bus" 693 280 842 450
75 1 "car" 494 347 647 463
75 2 "car" 491 384 572 439
75 3 "bus" 697 280 849 450
76 1 "car" 499 347 653 462 "involved accident"
76 2 "car" 476 381 554 440 "involved accident"
76 3 "bus" 701 280 856 450
77 1 "car" 504 347 659 461 "involved accident"
77 2 "car" 460 378 536 441 "involved accident"
77 3 "bus" 705 280 863 450
78 1 "car" 510 348 665 461 "involved accident"
78 2 "car" 445 376 519 443 "involved accident"
78 3 "bus" 709 280 870 450
79 1 "car" 513 346 666 464 "involved accident"
79 2 "car" 436 378 529 446 "involved accident"
79 3 "bus" 712 280 876 449
80 1 "car" 516 344 667 468 "involved accident"
80 2 "car" 428 380 540 449 "involved accident"
80 3 "bus" 716 280 883 449
81 1 "car" 519 342 668 472 "involved accident"
81 2 "car" 420 382 551 453 "involved accident"
81 3 "bus" 720 280 890 449
82 1 "car" 522 341 670 475 "involved accident"
82 2 "car" 411 381 549 454 "involved accident"
82 3 "bus" 724 280 897 449
83 1 "car" 525 339 671 479 "involved accident"
83 2 "car" 402 381 547 456 "involved accident"
83 3 "bus" 728 280 904 449
84 1 "car" 528 337 672 483 "involved accident"
84 2 "car" 393 381 545 457 "involved accident"
84 3 "bus" 731 280 905 449
85 1 "car" 532 336 674 487 "involved accident"
85 2 "car" 385 380 544 459 "involved accident"
85 3 "bus" 735 280 906 449
86 1 "car" 530 336 673 486 "involved accident"
86 2 "car" 376 380 542 460 "involved accident"
86 3 "bus" 739 280 907 449
87 1 "car" 528 336 673 486 "involved accident"
87 2 "car" 367 380 540 462 "involved accident"
87 3 "bus" 743 280 908 449
88 1 "car" 527 336 673 486 "involved accident"
88 2 "car" 358 379 539 464 "involved accident"
88 3 "bus" 747 280 909 449
89 1 "car" 525 336 673 486 "involved accident"
89 2 "car" 350 379 537 465 "involved accident"
89 3 "bus" 751 280 911 449
90 1 "car" 524 336 673 486 "involved accident"
90 2 "car" 341 379 535 467 "involved accident"
90 3 "bus" 755 280 912 449
91 1 "car" 522 336 672 486 "involved accident"
91 2 "car" 332 378 534 468 "involved accident"
91 3 "bus" 759 280 913 449
92 1 "car" 520 336 672 486 "involved accident"
92 2 "car" 323 378 532 470 "involved accident"
92 3 "bus" 763 280 914 449
93 1 "car" 519 336 672 486 "involved accident"
93 2 "car" 315 378 530 471 "involved accident"
93 3 "bus" 767 280 915 449
94 1 "car" 517 336 672 486 "involved accident"
94 2 "car" 306 377 529 473 "involved accident"
94 3 "bus" 771 280 917 450
95 1 "car" 516 336 672 486 "involved accident"
95 2 "car" 297 377 527 475 "involved accident"
95 3 "bus" 771 282 927 449
96 1 "car" 514 336 671 486 "involved accident"
96 2 "car" 288 377 525 476 "involved accident"
96 3 "bus" 772 284 937 448
97 1 "car" 512 336 671 486 "involved accident"
97 2 "car" 280 376 524 478 "involved accident"
97 3 "bus" 773 287 948 448
98 1 "car" 511 336 671 486 "involved accident"
98 2 "car" 271 376 522 479 "involved accident"
98 3 "bus" 773 289 958 447
99 1 "car" 509 336 671 486 "involved accident"
99 2 "car" 262 376 520 481 "involved accident"
99 3 "bus" 774 291 968 446
100 1 "car" 508 336 671 486 "involved accident"
100 2 "car" 254 376 519 483 "involved accident"
100 3 "bus" 775 294 979 446
