1 1 "car" 389 293 538 413
1 2 "car" 38 353 115 426
1 3 "car" 104 359 163 412
1 4 "car" 652 338 687 372
1 6 "car" 930 344 1005 392
1 7 "car" 900 343 933 384
2 1 "car" 389 293 537 412
2 2 "car" 38 352 117 426
2 3 "car" 101 359 160 412
2 4 "car" 650 337 686 372
2 6 "car" 930 344 1005 392
2 7 "car" 900 343 933 384
3 1 "car" 389 293 537 412
3 2 "car" 39 352 119 426
3 3 "car" 98 359 157 412
3 4 "car" 649 337 686 373
3 6 "car" 930 344 1005 392
3 7 "car" 900 343 933 384
4 1 "car" 389 293 537 411
4 2 "car" 39 352 122 426
4 3 "car" 95 359 154 412
4 4 "car" 648 337 686 373
4 6 "car" 930 344 1005 392
4 7 "car" 900 343 933 384
5 1 "car" 389 293 537 411
5 2 "car" 40 352 124 426
5 3 "car" 92 359 151 412
5 4 "car" 646 336 686 374
5 6 "car" 930 344 1005 392
5 7 "car" 900 343 933 384
6 1 "car" 389 293 537 410
6 2 "car" 41 352 127 427
6 3 "car" 90 359 149 412
6 4 "car" 645 336 686 375
6 6 "car" 931 344 1006 392
6 7 "car" 901 343 934 384
7 1 "car" 389 293 537 410
7 2 "car" 41 352 129 427
7 3 "car" 87 359 146 412
7 4 "car" 644 336 685 375
7 6 "car" 931 344 1006 392
7 7 "car" 901 343 934 384
8 1 "car" 389 293 537 409
8 2 "car" 42 352 132 427
8 3 "car" 84 359 143 412
8 4 "car" 643 336 685 376
8 6 "car" 931 344 1006 392
8 7 "car" 901 343 934 384
9 1 "car" 389 294 537 409
9 2 "car" 43 352 134 427
9 3 "car" 81 359 140 412
9 4 "car" 641 335 685 377
9 6 "car" 931 344 1006 392
9 7 "car" 901 343 934 384
10 1 "car" 389 294 537 408
10 2 "car" 43 352 137 427
10 3 "car" 79 359 138 412
10 4 "car" 640 335 685 377
10 6 "car" 931 344 1006 392
10 7 "car" 901 343 934 384
11 1 "car" 389 294 537 408
11 2 "car" 44 352 139 428
11 3 "car" 76 359 135 412
11 4 "car" 639 335 685 378
11 6 "car" 932 344 1007 392
11 7 "car" 902 343 935 384
12 1 "car" 389 294 537 408
12 2 "car" 44 352 142 428
12 3 "car" 73 359 132 412
12 4 "car" 638 335 685 379
12 6 "car" 932 344 1007 392
12 7 "car" 902 343 935 384
13 1 "car" 389 294 537 407
13 2 "car" 45 352 144 428
13 3 "car" 70 359 129 412
13 4 "car" 636 334 684 379
13 6 "car" 932 344 1007 392
13 7 "car" 902 343 935 384
14 1 "car" 389 294 537 407
14 2 "car" 46 351 146 428
14 3 "car" 68 360 127 413
14 4 "car" 635 334 684 380
14 6 "car" 932 344 1007 392
14 7 "car" 902 343 935 384
15 1 "car" 389 294 537 406
15 2 "car" 46 351 149 428
15 3 "car" 67 359 126 412
15 4 "car" 634 334 684 380
15 6 "car" 932 344 1007 392
15 7 "car" 903 343 936 384
16 1 "car" 389 294 537 406
16 2 "car" 47 351 151 429
16 3 "car" 67 359 125 412
16 4 "car" 632 333 684 381
16 6 "car" 933 344 1008 392
16 7 "car" 903 343 936 384
17 1 "car" 389 295 537 405
17 2 "car" 48 351 154 429
17 3 "car" 66 359 124 412
17 4 "car" 631 333 684 382
17 6 "car" 933 344 1008 392
17 7 "car" 903 343 936 384
18 1 "car" 389 295 537 405
18 2 "car" 48 351 156 429
18 3 "car" 66 359 124 411
18 4 "car" 630 333 683 382
18 6 "car" 933 344 1008 392
18 7 "car" 903 343 936 384
19 1 "car" 390 295 536 404
19 2 "car" 49 351 159 429
19 3 "car" 65 358 123 411
19 4 "car" 629 333 683 383
19 6 "car" 933 345 1008 393
19 7 "car" 903 343 936 384
20 1 "car" 390 295 536 404
20 2 "car" 49 351 161 429
20 3 "car" 65 358 122 411
20 4 "car" 627 332 683 384
20 6 "car" 933 345 1008 393
20 7 "car" 904 343 937 384
21 1 "car" 390 295 536 404
21 2 "car" 50 351 164 430
21 3 "car" 64 358 122 411
21 4 "car" 626 332 683 384
21 6 "car" 934 345 1009 393
21 7 "car" 904 343 937 384
22 1 "car" 390 295 536 403
22 2 "car" 51 351 166 430
22 3 "car" 64 358 121 410
22 4 "car" 625 332 683 385
22 6 "car" 934 345 1009 393
22 7 "car" 904 343 937 384
23 1 "car" 390 295 536 403
23 2 "car" 51 351 169 430
23 3 "car" 63 357 120 410
23 4 "car" 624 332 683 386
23 6 "car" 934 345 1009 393
23 7 "car" 904 343 937 384
24 1 "car" 390 296 536 402
24 2 "car" 52 351 171 430
24 3 "car" 63 357 120 410
24 4 "car" 621 331 682 386
24 6 "car" 934 345 1009 393
24 7 "car" 905 344 938 385
25 1 "car" 390 296 536 402
25 2 "car" 53 351 174 431
25 3 "car" 62 357 119 409
25 4 "car" 619 331 681 387
25 6 "car" 934 345 1009 393
25 7 "car" 905 344 938 385
26 1 "car" 390 296 536 401
26 2 "car" 54 351 179 431
26 3 "car" 62 357 118 409
26 4 "car" 617 331 680 388
26 6 "car" 935 345 1010 393
26 7 "car" 905 344 938 385
27 1 "car" 390 296 536 401
27 2 "car" 55 351 185 431
27 3 "car" 61 356 118 409
27 4 "car" 615 331 679 389
27 6 "car" 935 345 1010 393
27 7 "car" 905 344 938 385
28 1 "car" 390 296 536 400
28 2 "car" 57 351 191 431
28 3 "car" 61 356 117 409
28 4 "car" 613 331 678 390
28 6 "car" 935 345 1010 393
28 7 "car" 905 344 938 385
29 1 "car" 390 296 536 400
29 2 "car" 58 351 197 431
29 3 "car" 61 356 116 408
29 4 "car" 611 331 677 391
29 6 "car" 935 345 1010 393
29 7 "car" 906 344 939 385
30 1 "car" 390 296 536 399
30 2 "car" 59 351 203 431
30 3 "car" 60 356 116 408
30 4 "car" 609 331 676 392
30 6 "car" 935 345 1010 393
30 7 "car" 906 344 939 385
31 1 "car" 390 296 536 399
31 2 "car" 61 351 209 431
31 3 "car" 60 355 115 408
31 4 "car" 607 331 675 393
31 6 "car" 936 345 1011 393
31 7 "car" 906 344 939 385
32 1 "car" 390 297 536 399
32 2 "car" 62 351 215 431
32 3 "car" 59 355 114 407
32 4 "car" 605 331 674 393
32 6 "car" 936 345 1011 393
32 7 "car" 906 344 939 385
33 1 "car" 390 297 536 398
33 2 "car" 64 351 221 431
33 3 "car" 59 355 114 407
33 4 "car" 603 331 673 394
33 6 "car" 936 345 1011 393
33 7 "car" 906 344 939 385
34 1 "car" 390 297 536 398
34 2 "car" 65 351 226 431
34 3 "car" 58 355 113 407
34 4 "car" 601 331 672 395
34 6 "car" 936 345 1011 393
34 7 "car" 907 344 940 385
35 1 "car" 390 297 536 397
35 2 "car" 66 351 232 431
35 3 "car" 58 354 112 407
35 4 "car" 599 331 671 396
35 6 "car" 936 345 1011 393
35 7 "car" 907 344 940 385
36 1 "car" 391 297 535 397
36 2 "car" 68 351 238 431
36 3 "car" 57 354 112 406
36 4 "car" 597 331 670 397
36 6 "car" 937 346 1012 394
36 7 "car" 907 344 940 385
37 1 "car" 391 297 535 396
37 2 "car" 69 351 244 431
37 3 "car" 57 354 111 406
37 4 "car" 595 331 669 398
37 6 "car" 937 346 1012 394
37 7 "car" 907 344 940 385
38 1 "car" 391 297 535 396
38 2 "car" 70 351 250 431
38 3 "car" 56 354 110 406
38 4 "car" 593 331 668 399
38 6 "car" 937 346 1012 394
38 7 "car" 908 344 941 385
39 1 "car" 391 297 535 395
39 2 "car" 72 351 256 431
39 3 "car" 56 353 110 405
39 4 "car" 591 331 668 400
39 6 "car" 937 346 1012 394
39 7 "car" 908 344 941 385
40 1 "car" 391 298 535 395
40 2 "car" 73 351 262 431
40 3 "car" 55 353 109 405
40 4 "car" 589 332 666 401
40 6 "car" 937 346 1012 394
40 7 "car" 908 344 941 385
41 1 "car" 391 298 535 395
41 2 "car" 75 351 268 432
41 3 "car" 55 353 108 405
41 4 "car" 587 333 664 402
41 6 "car" 938 346 1013 394
41 7 "car" 908 344 941 385
42 1 "car" 391 298 535 394
42 2 "car" 79 350 274 433
42 3 "car" 55 353 108 405
42 4 "car" 585 334 662 403
42 6 "car" 938 346 1013 394
42 7 "car" 908 344 941 385
43 1 "car" 391 298 535 394
43 2 "car" 83 350 281 434
43 3 "car" 55 353 108 404
43 4 "car" 583 335 660 404
43 6 "car" 938 346 1013 394
43 7 "car" 909 344 942 385
44 1 "car" 391 298 535 393
44 2 "car" 87 350 288 435
44 3 "car" 55 353 108 404
44 4 "car" 581 336 658 405
44 6 "car" 938 346 1013 394
44 7 "car" 909 344 942 385
45 1 "car" 391 298 535 393
45 2 "car" 91 350 295 436
45 3 "car" 56 353 109 404
45 4 "car" 579 337 656 406
45 6 "car" 938 346 1013 394
45 7 "car" 909 344 942 385
46 1 "car" 391 298 535 392
46 2 "car" 95 350 302 437
46 3 "car" 56 353 109 404
46 4 "car" 577 338 654 407
46 6 "car" 939 346 1014 394
46 7 "car" 909 344 942 385
47 1 "car" 391 299 535 392
47 2 "car" 100 350 308 439
47 3 "car" 57 353 110 404
47 4 "car" 575 339 652 408
47 5 "car" 653 333 686 374
47 6 "car" 939 346 1014 394
47 7 "car" 910 345 943 386
48 1 "car" 391 299 535 391
48 2 "car" 104 350 315 440
48 3 "car" 57 353 110 404
48 4 "car" 573 340 650 409
48 5 "car" 652 333 685 374
48 6 "car" 939 346 1014 394
48 7 "car" 910 345 943 386
49 1 "car" 391 299 535 391
49 2 "car" 108 350 322 441
49 3 "car" 58 353 110 403
49 4 "car" 571 341 648 410
49 5 "car" 651 333 685 374
49 6 "car" 939 346 1014 394
49 7 "car" 910 345 943 386
50 1 "car" 391 299 535 390
50 2 "car" 112 350 329 442
50 3 "car" 58 353 111 403
50 4 "car" 569 342 646 411
50 5 "car" 650 333 685 374
50 6 "car" 939 346 1014 394
50 7 "car" 910 345 943 386
51 1 "car" 391 299 535 390
51 2 "car" 116 350 336 443
51 3 "car" 59 353 111 403
51 4 "car" 567 343 644 412
51 5 "car" 649 333 685 374
51 6 "car" 940 346 1015 394
51 7 "car" 910 345 943 386
52 1 "car" 391 299 535 390
52 2 "car" 121 350 343 445
52 3 "car" 59 353 112 403
52 4 "car" 565 344 642 413
52 5 "car" 649 333 685 375
52 6 "car" 940 346 1015 394
52 7 "car" 911 345 944 386
53 1 "car" 392 299 534 389
53 2 "car" 126 349 353 444
53 3 "car" 59 353 112 403
53 4 "car" 564 345 641 414
53 5 "car" 648 333 684 375
53 6 "car" 940 347 1015 395
53 7 "car" 911 345 944 386
54 1 "car" 392 299 534 389
54 2 "car" 132 349 363 444
54 3 "car" 60 353 113 403
54 4 "car" 558 343 639 415
54 5 "car" 647 333 684 376
54 6 "car" 940 347 1015 395
54 7 "car" 911 345 944 386
55 1 "car" 392 300 534 388
55 2 "car" 138 349 373 444
55 3 "car" 60 353 113 402
55 4 "car" 553 342 637 417
55 5 "car" 646 333 683 376
55 6 "car" 940 347 1015 395
55 7 "car" 911 345 944 386
56 1 "car" 392 300 534 388
56 2 "car" 144 349 383 444
56 3 "car" 61 353 113 402
56 4 "car" 548 341 635 418
56 5 "car" 645 334 683 377
56 6 "car" 941 347 1016 395
56 7 "car" 911 345 944 386
57 1 "car" 392 300 534 387
57 2 "car" 150 349 393 444
57 3 "car" 61 353 114 402
57 4 "car" 543 340 634 420
57 5 "car" 644 334 683 377
57 6 "car" 941 347 1016 395
57 7 "car" 912 345 945 386
58 1 "car" 392 300 534 387
58 2 "car" 156 349 403 444
58 3 "car" 62 353 114 402
58 4 "car" 538 339 632 421
58 5 "car" 643 334 682 378
58 6 "car" 941 347 1016 395
58 7 "car" 912 345 945 386
59 1 "car" 392 300 534 386
59 2 "car" 161 348 413 444
59 3 "car" 62 353 115 402
59 4 "car" 533 338 630 423
59 5 "car" 642 335 682 378
59 6 "car" 941 347 1016 395
59 7 "car" 912 345 945 386
60 1 "car" 392 300 534 386
60 2 "car" 167 348 423 444
60 3 "car" 63 353 115 402
60 4 "car" 527 336 628 425
60 5 "car" 641 335 682 379
60 6 "car" 941 347 1016 395
60 7 "car" 912 345 945 386
61 1 "car" 392 300 534 386
61 2 "car" 173 348 433 444
61 3 "car" 63 353 116 402
61 4 "car" 522 335 627 426
61 5 "car" 640 335 681 380
61 6 "car" 942 347 1017 395
61 7 "car" 913 345 946 386
62 1 "car" 392 300 534 385
62 2 "car" 179 348 443 444
62 3 "car" 63 353 116 401
62 4 "car" 517 334 625 428
62 5 "car" 639 336 681 380
62 6 "car" 942 347 1017 395
62 7 "car" 913 345 946 386
63 1 "car" 392 301 534 385
63 2 "car" 185 348 453 444
63 3 "car" 64 353 116 401
63 4 "car" 512 333 623 429
63 5 "car" 638 336 681 381
63 6 "car" 942 347 1017 395
63 7 "car" 913 345 946 386
64 1 "car" 392 301 534 384
64 2 "car" 191 348 464 444
64 3 "car" 64 353 117 401
64 4 "car" 507 332 621 431
64 5 "car" 637 336 680 381
64 6 "car" 942 347 1017 395
64 7 "car" 913 345 946 386
65 1 "car" 392 301 534 384
65 2 "car" 197 354 455 444
65 3 "car" 65 353 117 401
65 4 "car" 502 331 620 433
65 5 "car" 636 337 680 382
65 6 "car" 942 347 1017 395
65 7 "car" 913 345 946 386
66 1 "car" 392 301 534 383
66 2 "car" 203 360 447 445
66 3 "car" 65 353 118 401
66 4 "car" 499 332 617 434
66 5 "car" 635 337 679 382
66 6 "car" 943 347 1018 395
66 7 "car" 914 345 947 386
67 1 "car" 392 301 534 383
67 2 "car" 209 367 439 446 "involved accident"
67 3 "car" 66 353 118 401
67 4 "car" 497 333 615 435 "involved accident"
67 5 "car" 634 337 679 383
67 6 "car" 943 347 1018 395
67 7 "car" 914 345 947 386
68 1 "car" 392 301 534 382
68 2 "car" 209 362 455 446 "involved accident"
68 3 "car" 66 353 118 400
68 4 "car" 495 334 613 436 "involved accident"
68 5 "car" 633 338 679 383
68 6 "car" 943 347 1018 395
68 7 "car" 914 345 947 386
69 1 "car" 392 301 534 382
69 2 "car" 209 357 471 446 "involved accident"
69 3 "car" 67 353 119 400
69 4 "car" 493 336 611 438 "involved accident"
69 5 "car" 632 338 678 384
69 6 "car" 943 347 1018 395
69 7 "car" 914 345 947 386
70 1 "car" 393 302 534 382
70 2 "car" 209 353 487 447 "involved accident"
70 3 "car" 67 353 119 400
70 4 "car" 490 337 608 439 "involved accident"
70 5 "car" 631 338 678 385
70 6 "car" 944 348 1019 396
70 7 "car" 915 346 948 387
71 1 "car" 393 301 534 381
71 2 "car" 209 353 485 447 "involved accident"
71 3 "car" 67 353 120 400
71 4 "car" 488 338 606 440 "involved accident"
71 5 "car" 630 339 678 385
71 6 "car" 944 348 1019 396
71 7 "car" 915 346 948 387
72 1 "car" 393 301 534 381
72 2 "car" 209 353 483 448 "involved accident"
72 3 "car" 68 353 120 400
72 4 "car" 486 339 604 441 "involved accident"
72 5 "car" 629 339 677 386
72 6 "car" 944 348 1019 396
72 7 "car" 915 346 948 387
73 1 "car" 393 300 535 380
73 2 "car" 209 353 481 449 "involved accident"
73 3 "car" 68 353 121 400
73 4 "car" 484 341 602 443 "involved accident"
73 5 "car" 628 339 677 386
73 6 "car" 944 348 1019 396
73 7 "car" 915 346 948 387
74 1 "car" 393 300 535 380
74 2 "car" 210 353 479 450 "involved accident"
74 3 "car" 69 353 121 400
74 4 "car" 483 342 601 443 "involved accident"
74 5 "car" 627 340 677 387
74 6 "car" 944 348 1019 396
74 7 "car" 915 346 948 387
75 1 "car" 393 300 535 380
75 2 "car" 210 353 477 451 "involved accident"
75 3 "car" 69 353 121 399
75 4 "car" 482 343 601 444 "involved accident"
75 5 "car" 626 340 676 387
75 6 "car" 944 348 1019 396
75 7 "car" 915 346 948 387
76 1 "car" 393 299 536 379
76 2 "car" 210 353 475 451 "involved accident"
76 3 "car" 70 353 122 399
76 4 "car" 481 344 601 445 "involved accident"
76 5 "car" 625 340 676 388
76 6 "car" 944 348 1019 396
76 7 "car" 915 346 948 387
77 1 "car" 393 299 536 379
77 2 "car" 211 353 473 452 "involved accident"
77 3 "car" 70 353 122 399
77 4 "car" 480 345 600 446 "involved accident"
77 5 "car" 625 341 676 389
77 6 "car" 944 348 1019 396
77 7 "car" 915 346 948 387
78 1 "car" 393 298 536 378
78 2 "car" 211 353 471 453 "involved accident"
78 3 "car" 71 353 123 399
78 4 "car" 479 346 600 447 "involved accident"
78 5 "car" 623 341 674 389
78 6 "car" 944 348 1019 396
78 7 "car" 915 346 948 387
79 1 "car" 393 298 537 378
79 2 "car" 211 353 470 454 "involved accident"
79 3 "car" 71 353 123 399
79 4 "car" 478 347 600 448 "involved accident"
79 5 "car" 622 341 673 389
79 6 "car" 944 348 1019 396
79 7 "car" 915 346 948 387
80 1 "car" 394 298 537 378
80 2 "car" 211 353 468 455 "involved accident"
80 3 "car" 71 353 124 399
80 4 "car" 477 348 600 449 "involved accident"
80 5 "car" 621 341 672 389
80 6 "car" 944 348 1019 396
80 7 "car" 915 346 948 387
81 1 "car" 394 297 537 377
81 2 "car" 212 353 466 456 "involved accident"
81 3 "car" 72 353 124 398
81 4 "car" 476 349 599 450 "involved accident"
81 5 "car" 620 341 671 389
81 6 "car" 944 348 1019 396
81 7 "car" 915 346 948 387
82 1 "car" 394 297 538 377
82 2 "car" 212 353 464 456 "involved accident"
82 3 "car" 72 353 124 398
82 4 "car" 476 350 599 451 "involved accident"
82 5 "car" 619 341 670 389
82 6 "car" 944 348 1019 396
82 7 "car" 915 346 948 387
83 1 "car" 394 296 538 376
83 2 "car" 212 353 462 457 "involved accident"
83 3 "car" 73 353 125 398
83 4 "car" 475 351 599 452 "involved accident"
83 5 "car" 618 341 669 389
83 6 "car" 944 348 1019 396
83 7 "car" 915 346 948 387
84 1 "car" 394 296 538 376
84 2 "car" 213 353 460 458 "involved accident"
84 3 "car" 73 353 125 398
84 4 "car" 474 352 598 453 "involved accident"
84 5 "car" 617 341 668 389
84 6 "car" 944 348 1019 396
84 7 "car" 915 346 948 387
85 1 "car" 394 296 539 376
85 2 "car" 213 353 458 459 "involved accident"
85 3 "car" 74 353 126 398
85 4 "car" 473 353 598 454 "involved accident"
85 5 "car" 616 341 667 389
85 6 "car" 944 348 1019 396
85 7 "car" 915 346 948 387
86 1 "car" 394 295 539 375
86 2 "car" 213 353 456 460 "involved accident"
86 3 "car" 74 353 126 398
86 4 "car" 472 354 598 455 "involved accident"
86 5 "car" 615 341 666 389
86 6 "car" 944 348 1019 396
86 7 "car" 915 346 948 387
87 1 "car" 394 295 539 375
87 2 "car" 214 354 455 461 "involved accident"
87 3 "car" 75 354 127 398
87 4 "car" 471 355 598 456 "involved accident"
87 5 "car" 614 341 665 389
87 6 "car" 944 348 1019 396
87 7 "car" 915 346 948 387
88 1 "car" 394 294 540 374
88 2 "car" 215 354 456 461 "involved accident"
88 3 "car" 75 354 127 398
88 4 "car" 470 356 597 457 "involved accident"
88 5 "car" 613 341 664 389
88 6 "car" 944 348 1019 396
88 7 "car" 915 346 948 387
89 1 "car" 394 294 540 374
89 2 "car" 217 354 458 461 "involved accident"
89 3 "car" 76 354 128 398
89 4 "car" 469 357 597 458 "involved accident"
89 5 "car" 612 341 663 389
89 6 "car" 944 348 1019 396
89 7 "car" 915 346 948 387
90 1 "car" 395 294 540 374
90 2 "car" 219 355 460 462 "involved accident"
90 3 "car" 77 354 129 398
90 4 "car" 468 358 597 459 "involved accident"
90 5 "car" 611 341 662 389
90 6 "car" 944 348 1019 396
90 7 "car" 915 346 948 387
91 1 "car" 395 293 541 373
91 2 "car" 221 355 462 462 "involved accident"
91 3 "car" 78 354 130 398
91 4 "car" 468 359 597 460 "involved accident"
91 5 "car" 610 341 661 389
91 6 "car" 944 348 1019 396
91 7 "car" 915 346 948 387
92 1 "car" 395 293 541 373
92 2 "car" 223 356 464 463 "involved accident"
92 3 "car" 78 354 130 398
92 4 "car" 468 359 597 460 "involved accident"
92 5 "car" 609 341 660 389
92 6 "car" 944 348 1019 396
92 7 "car" 915 346 948 387
93 1 "car" 395 292 541 372
93 2 "car" 225 356 466 463 "involved accident"
93 3 "car" 79 354 131 398
93 4 "car" 468 359 597 460 "involved accident"
93 5 "car" 608 341 659 389
93 6 "car" 944 348 1019 396
93 7 "car" 915 346 948 387
94 1 "car" 395 292 542 372
94 2 "car" 226 357 467 464 "involved accident"
94 3 "car" 80 355 132 399
94 4 "car" 468 359 597 460 "involved accident"
94 5 "car" 607 341 658 389
94 6 "car" 944 348 1019 396
94 7 "car" 915 346 948 387
95 1 "car" 395 292 542 372
95 2 "car" 228 357 469 464 "involved accident"
95 3 "car" 81 355 133 399
95 4 "car" 468 359 597 460 "involved accident"
95 5 "car" 606 341 657 389
95 6 "car" 944 348 1019 396
95 7 "car" 915 346 948 387
96 1 "car" 395 291 542 371
96 2 "car" 230 358 471 465 "involved accident"
96 3 "car" 81 355 133 399
96 4 "car" 468 359 597 460 "involved accident"
96 5 "car" 605 341 656 389
96 6 "car" 944 348 1019 396
96 7 "car" 915 346 948 387
97 1 "car" 395 291 543 371
97 2 "car" 232 358 473 465 "involved accident"
97 3 "car" 82 355 134 399
97 4 "car" 468 359 597 460 "involved accident"
97 5 "car" 604 341 655 389
97 6 "car" 944 348 1019 396
97 7 "car" 915 346 948 387
98 1 "car" 395 290 543 370
98 2 "car" 234 359 475 466 "involved accident"
98 3 "car" 83 355 135 399
98 4 "car" 468 359 597 460 "involved accident"
98 5 "car" 603 341 654 389
98 6 "car" 944 348 1019 396
98 7 "car" 915 346 948 387
99 1 "car" 395 290 543 370
99 2 "car" 236 359 477 466 "involved accident"
99 3 "car" 84 355 136 399
99 4 "car" 468 359 597 460 "involved accident"
99 5 "car" 602 341 653 389
99 6 "car" 944 348 1019 396
99 7 "car" 915 346 948 387
100 1 "car" 396 290 544 370
100 2 "car" 238 360 479 467 "involved accident"
100 3 "car" 85 356 137 400
100 4 "car" 468 359 597 460 "involved accident"
100 5 "car" 601 341 652 389
100 6 "car" 944 348 1019 396
100 7 "car" 915 346 948 387
